suposicion_actual,bombas,misiles,numero_objetivo,ajuste_necesario
139,2,0,120,-19
675,0,2,469,-206
108,0,1,245,137
290,0,2,464,174
904,0,1,780,-124
740,0,2,555,-185
135,0,4,718,583
138,0,6,949,811
882,0,2,684,-198
816,0,5,127,-689
70,0,5,692,622
490,0,1,344,-146
879,0,1,767,-112
854,0,5,117,-737
382,0,2,661,279
662,0,3,245,-417
660,0,4,152,-508
538,0,2,246,-292
968,0,3,583,-385
237,0,3,567,330
42,0,2,238,196
86,0,2,385,299
875,0,6,103,-772
19,0,7,920,901
246,0,4,737,491
681,0,2,886,205
348,0,4,848,500
945,0,7,0,-945
354,0,3,688,334
223,0,5,970,747
105,0,2,261,156
121,1,0,181,60
466,0,2,734,268
342,0,4,836,494
704,0,3,363,-341
626,0,2,819,193
789,0,1,915,126
531,1,0,624,93
717,0,3,325,-392
155,0,5,821,666
640,0,4,111,-529
79,0,3,499,420
645,0,3,244,-401
916,2,0,938,22
868,0,2,706,-162
922,0,1,801,-121
263,1,0,340,77
316,0,3,750,434
959,0,6,179,-780
927,0,1,793,-134
184,0,3,545,361
811,0,2,655,-156
743,0,2,593,-150
291,0,2,497,206
665,0,3,336,-329
820,0,2,566,-254
635,1,0,725,90
312,0,4,779,467
310,0,4,875,565
3,0,2,246,243
730,2,0,777,47
439,0,2,250,-189
569,0,2,768,199
848,0,1,706,-142
481,0,3,147,-334
470,0,2,765,295
797,0,5,194,-603
121,2,0,166,45
351,2,0,393,42
905,1,0,840,-65
752,0,5,53,-699
683,0,5,73,-610
484,0,3,103,-381
122,0,3,570,448
45,0,6,924,879
632,0,2,416,-216
478,0,3,792,314
935,0,3,601,-334
428,0,2,178,-250
231,0,2,440,209
254,0,3,634,380
579,0,4,17,-562
364,0,2,145,-219
696,0,2,498,-198
537,0,2,338,-199
722,0,2,927,205
280,0,1,144,-136
482,0,3,38,-444
549,0,2,361,-188
73,0,6,963,890
124,0,3,559,435
200,0,3,557,357
619,0,4,22,-597
590,0,4,63,-527
172,0,2,402,230
207,0,1,335,128
368,0,2,533,165
650,0,3,269,-381
768,0,5,90,-678
285,0,4,821,536
86,0,5,772,686
448,0,2,193,-255
620,0,2,812,192
576,0,1,704,128
492,0,2,752,260
522,0,2,260,-262
87,0,5,727,640
604,0,3,257,-347
556,1,0,466,-90
766,1,0,674,-92
667,0,2,829,162
476,0,1,368,-108
728,0,3,415,-313
244,0,1,107,-137
645,0,2,429,-216
987,0,7,14,-973
648,0,4,182,-466
589,1,0,640,51
48,1,0,135,87
602,1,0,674,72
258,2,0,232,-26
579,0,2,759,180
617,0,2,768,151
445,1,0,370,-75
302,0,4,829,527
603,0,3,982,379
641,0,3,329,-312
110,1,0,207,97
97,0,6,919,822
166,0,4,650,484
301,2,0,333,32
436,0,1,333,-103
881,2,0,918,37
845,0,5,157,-688
603,0,1,485,-118
122,0,5,799,677
317,0,2,536,219
659,2,0,621,-38
877,0,4,356,-521
714,3,0,707,-7
872,1,0,961,89
354,0,1,494,140
28,1,0,78,50
238,0,3,647,409
556,1,0,483,-73
108,2,0,85,-23
705,2,0,753,48
220,1,0,147,-73
665,0,2,382,-283
110,0,3,450,340
568,0,2,781,213
563,0,4,62,-501
327,0,3,746,419
341,0,2,598,257
976,0,7,1,-975
690,0,1,801,111
41,0,4,595,554
766,0,2,531,-235
597,0,3,995,398
555,0,3,901,346
461,1,0,364,-97
255,0,4,760,505
737,0,2,942,205
637,0,2,790,153
220,0,5,940,720
131,0,3,564,433
103,0,6,949,846
379,0,2,180,-199
345,2,0,320,-25
760,1,0,829,69
391,0,3,805,414
197,2,0,170,-27
976,0,6,213,-763
652,1,0,743,91
115,0,2,301,186
761,0,4,219,-542
315,1,0,393,78
308,0,4,772,464
990,1,0,912,-78
813,0,1,675,-138
602,0,3,190,-412
486,0,3,173,-313
61,0,7,982,921
961,2,0,973,12
591,0,2,878,287
434,0,3,69,-365
460,2,0,490,30
539,0,3,116,-423
288,1,0,365,77
744,0,1,635,-109
335,2,0,310,-25
611,0,3,995,384
105,0,4,656,551
104,0,1,231,127
164,1,0,221,57
929,0,5,277,-652
385,0,4,941,556
650,3,0,654,4
738,0,5,54,-684
160,0,5,867,707
676,0,2,421,-255
80,0,6,915,835
602,0,2,313,-289
430,0,3,9,-421
561,0,3,893,332
173,0,3,491,318
931,0,3,539,-392
559,0,1,672,113
906,0,1,802,-104
456,0,2,176,-280
644,0,5,26,-618
65,0,7,965,900
805,0,2,985,180
454,0,2,687,233
928,1,0,849,-79
943,0,5,226,-717
165,0,2,367,202
567,2,0,583,16
796,0,4,200,-596
101,0,4,649,548
180,1,0,88,-92
680,0,2,441,-239
507,0,3,868,361
788,0,3,450,-338
818,0,5,99,-719
654,0,2,838,184
713,0,5,73,-640
521,0,2,680,159
438,0,3,12,-426
291,1,0,349,58
904,2,0,929,25
207,0,4,743,536
390,0,4,943,553
282,0,2,37,-245
92,0,4,658,566
214,0,3,556,342
291,1,0,223,-68
289,0,5,968,679
710,0,3,283,-427
552,0,1,657,105
2,0,2,166,164
588,0,3,233,-355
842,0,3,487,-355
147,1,0,241,94
219,0,4,676,457
468,0,3,154,-314
744,0,5,100,-644
586,0,1,701,115
74,1,0,159,85
486,0,3,103,-383
123,0,6,888,765
99,0,3,540,441
661,0,3,266,-395
862,0,4,373,-489
153,2,0,112,-41
250,0,1,104,-146
560,2,0,584,24
154,0,5,866,712
978,1,0,904,-74
981,0,2,751,-230
724,0,2,992,268
992,0,2,795,-197
922,0,2,715,-207
567,0,2,364,-203
158,0,3,538,380
374,0,3,690,316
165,0,3,569,404
562,2,0,548,-14
945,0,5,278,-667
809,0,4,321,-488
624,0,4,103,-521
120,0,3,529,409
194,2,0,171,-23
837,0,1,721,-116
559,2,0,534,-25
112,2,0,77,-35
480,0,2,307,-173
359,2,0,336,-23
962,0,6,160,-802
838,0,2,618,-220
0,0,6,795,795
278,0,2,7,-271
423,0,3,846,423
627,0,3,221,-406
880,0,2,585,-295
208,0,3,642,434
117,0,6,898,781
866,0,4,412,-454
741,0,5,54,-687
479,0,3,75,-404
984,0,3,578,-406
954,0,5,237,-717
810,0,5,207,-603
787,0,5,90,-697
40,0,2,264,224
921,0,6,38,-883
790,0,1,911,121
584,0,1,692,108
893,2,0,858,-35
915,0,6,102,-813
589,0,1,726,137
892,0,4,336,-556
738,0,2,999,261
855,0,3,472,-383
917,0,2,718,-199
205,0,5,880,675
474,0,1,579,105
490,0,3,850,360
927,0,3,491,-436
758,0,2,937,179
146,0,3,532,386
555,0,2,384,-171
249,0,4,790,541
270,2,0,244,-26
634,0,1,509,-125
959,0,2,718,-241
346,0,2,560,214
268,2,0,232,-36
636,0,3,968,332
65,2,0,29,-36
308,1,0,238,-70
397,0,2,556,159
650,0,2,927,277
759,0,3,397,-362
550,0,2,298,-252
434,2,0,398,-36
223,0,3,525,302
59,0,6,878,819
8,0,2,216,208
708,1,0,614,-94
204,0,1,353,149
745,0,4,259,-486
563,0,3,204,-359
379,0,2,613,234
647,0,3,219,-428
806,0,3,383,-423
967,0,6,80,-887
259,0,3,650,391
510,0,2,769,259
396,0,1,286,-110
597,0,2,408,-189
129,0,4,665,536
614,0,2,376,-238
293,0,2,469,176
438,1,0,364,-74
624,0,2,352,-272
473,0,2,310,-163
575,0,3,888,313
268,2,0,282,14
103,0,5,757,654
217,0,3,569,352
619,0,3,319,-300
396,0,2,655,259
317,0,4,838,521
356,0,3,704,348
167,0,3,517,350
168,0,1,273,105
352,0,2,618,266
846,0,6,90,-756
138,3,0,145,7
361,0,4,838,477
688,0,3,339,-349
325,0,2,129,-196
948,1,0,880,-68
234,0,2,516,282
801,0,2,623,-178
405,0,4,881,476
949,0,7,28,-921
968,0,1,851,-117
640,0,2,370,-270
375,0,4,970,595
779,2,0,762,-17
649,0,2,381,-268
86,0,4,636,550
390,0,2,566,176
185,0,4,748,563
864,0,6,74,-790
422,0,3,91,-331
622,0,2,830,208
290,0,2,444,154
57,0,5,736,679
630,0,3,215,-415
713,0,3,412,-301
504,0,2,223,-281
139,3,0,135,-4
582,2,0,561,-21
450,0,3,807,357
805,0,2,976,171
826,0,5,113,-713
843,1,0,935,92
818,0,2,993,175
312,0,3,628,316
801,0,2,604,-197
394,0,4,993,599
46,0,6,879,833
508,0,1,400,-108
781,0,6,10,-771
453,2,0,424,-29
618,0,3,228,-390
313,0,5,915,602
317,0,4,829,512
723,0,2,951,228
946,0,2,727,-219
679,0,4,114,-565
326,0,4,887,561
778,2,0,765,-13
482,0,4,941,459
572,0,4,63,-509
571,0,3,150,-421
107,2,0,127,20
936,0,3,635,-301
952,0,3,581,-371
26,0,2,192,166
1000,0,1,859,-141
271,2,0,318,47
656,0,3,267,-389
762,2,0,751,-11
48,0,4,548,500
267,0,2,420,153
854,0,3,405,-449
158,0,4,711,553
678,0,4,194,-484
622,0,3,186,-436
205,0,4,662,457
585,0,3,151,-434
260,0,2,477,217
699,2,0,736,37
101,0,4,564,463
993,0,2,722,-271
361,0,1,504,143
100,0,3,472,372
417,0,3,103,-314
358,0,4,941,583
372,2,0,326,-46
649,2,0,673,24
262,0,3,646,384
94,0,4,599,505
739,0,5,83,-656
484,0,2,688,204
173,3,0,166,-7
169,0,5,875,706
686,0,1,813,127
124,3,0,125,1
269,2,0,220,-49
550,0,3,851,301
95,1,0,151,56
733,0,3,332,-401
721,2,0,752,31
339,2,0,354,15
690,1,0,752,62
667,0,3,361,-306
62,0,6,928,866
302,0,2,488,186
895,0,2,725,-170
965,0,6,166,-799
118,0,2,278,160
17,0,4,589,572
868,0,5,232,-636
975,0,1,872,-103
404,2,0,430,26
177,0,1,52,-125
933,0,6,103,-830
292,0,3,665,373
112,0,5,734,622
19,0,3,332,313
298,0,2,558,260
372,2,0,335,-37
966,0,4,430,-536
537,0,4,28,-509
347,0,3,39,-308
499,0,2,258,-241
730,0,5,71,-659
371,1,0,309,-62
970,0,3,572,-398
141,0,4,711,570
722,0,1,601,-121
674,1,0,601,-73
486,2,0,511,25
58,0,5,684,626
388,0,2,212,-176
670,0,4,190,-480
48,0,7,982,934
994,0,5,307,-687
182,0,2,25,-157
240,0,3,563,323
300,1,0,398,98
981,0,7,29,-952
423,0,3,104,-319
360,0,2,179,-181
551,1,0,644,93
816,1,0,742,-74
873,0,2,636,-237
406,0,3,82,-324
410,0,2,709,299
392,0,1,516,124
797,0,3,444,-353
605,0,3,239,-366
562,0,2,750,188
660,0,1,769,109
393,2,0,424,31
922,1,0,869,-53
9,0,2,176,167
266,1,0,324,58
19,0,7,976,957
490,0,3,799,309
275,0,2,37,-238
453,1,0,532,79
808,0,5,139,-669
244,0,2,80,-164
244,0,3,627,383
906,0,3,588,-318
585,0,2,324,-261
960,2,0,992,32
335,0,2,550,215
964,0,5,219,-745
210,0,5,934,724
159,0,6,942,783
144,0,5,817,673
617,0,3,243,-374
734,0,2,937,203
61,0,3,436,375
489,0,3,159,-330
520,0,2,806,286
114,0,2,289,175
653,0,2,372,-281
425,0,4,957,532
907,0,6,34,-873
511,3,0,512,1
115,0,2,334,219
248,0,2,437,189
650,1,0,569,-81
264,0,5,958,694
572,0,2,870,298
946,0,6,175,-771
889,0,5,259,-630
337,0,2,506,169
343,0,1,481,138
427,0,4,986,559
132,0,6,895,763
329,0,1,473,144
656,2,0,644,-12
675,0,2,489,-186
154,0,4,736,582
535,0,2,262,-273
514,0,3,898,384
667,0,3,267,-400
695,0,4,141,-554
24,0,4,616,592
956,0,2,798,-158
45,0,4,550,505
400,0,2,631,231
793,0,1,927,134
55,0,7,979,924
552,0,3,109,-443
41,0,3,429,388
66,0,4,560,494
67,0,4,579,512
58,0,2,353,295
850,0,1,722,-128
406,0,3,19,-387
720,0,2,925,205
864,0,6,107,-757
208,0,4,768,560
51,0,3,478,427
504,0,1,395,-109
452,0,2,681,229
678,0,3,259,-419
139,0,4,669,530
561,2,0,593,32
522,2,0,482,-40
480,0,1,361,-119
509,0,3,898,389
642,0,4,70,-572
579,0,3,136,-443
891,0,5,220,-671
938,0,5,305,-633
852,0,2,664,-188
290,0,2,582,292
600,0,2,428,-172
351,0,5,966,615
681,0,3,336,-345
44,0,5,677,633
549,0,3,996,447
393,0,2,210,-183
719,0,2,944,225
956,1,0,880,-76
743,0,5,101,-642
164,2,0,175,11
623,2,0,640,17
398,0,1,270,-128
751,0,4,232,-519
442,0,2,186,-256
551,0,2,333,-218
505,0,4,33,-472
733,0,4,144,-589
163,0,2,354,191
56,0,3,470,414
947,0,2,657,-290
352,0,3,782,430
134,2,0,93,-41
589,0,3,245,-344
476,0,3,64,-412
754,0,1,864,110
410,0,4,987,577
333,0,4,891,558
177,0,6,973,796
584,0,2,799,215
203,2,0,170,-33
350,2,0,324,-26
360,0,3,4,-356
865,0,4,328,-537
422,0,2,672,250
55,0,3,431,376
283,1,0,377,94
367,0,1,486,119
391,0,2,661,270
960,0,3,514,-446
962,3,0,961,-1
956,3,0,947,-9
777,0,1,629,-148
575,0,3,943,368
405,0,3,771,366
525,0,2,233,-292
218,0,6,979,761
132,0,3,554,422
881,0,3,507,-374
749,0,3,302,-447
536,0,3,862,326
364,0,2,609,245
715,0,5,45,-670
407,0,3,853,446
687,0,4,109,-578
796,2,0,783,-13
920,0,3,581,-339
417,1,0,334,-83
706,2,0,724,18
834,0,2,622,-212
184,0,5,892,708
907,0,1,770,-137
142,0,4,599,457
839,1,0,783,-56
479,0,4,945,466
316,2,0,343,27
282,0,2,126,-156
624,0,2,923,299
856,0,3,502,-354
558,0,3,230,-328
311,0,3,751,440
225,3,0,231,6
518,2,0,479,-39
610,0,4,108,-502
680,2,0,662,-18
747,0,5,34,-713
736,0,1,620,-116
876,0,5,131,-745
681,0,2,964,283
96,0,2,379,283
547,0,3,945,398
363,0,2,553,190
815,0,5,202,-613
279,0,2,60,-219
823,0,4,258,-565
839,0,6,29,-810
68,2,0,111,43
229,0,2,60,-169
919,2,0,950,31
618,0,4,55,-563
489,0,3,896,407
529,0,2,353,-176
72,0,3,418,346
545,3,0,544,-1
922,0,5,252,-670
184,0,4,686,502
864,0,4,361,-503
76,0,6,882,806
769,0,5,50,-719
219,0,2,425,206
784,0,3,438,-346
593,1,0,536,-57
612,0,3,994,382
975,3,0,975,0
356,0,3,9,-347
158,0,4,634,476
972,0,5,238,-734
721,0,3,402,-319
533,0,4,61,-472
521,0,3,846,325
875,3,0,869,-6
771,0,3,412,-359
340,0,2,130,-210
208,0,2,36,-172
21,0,2,262,241
491,0,3,145,-346
370,0,2,636,266
193,3,0,187,-6
384,2,0,374,-10
938,0,6,48,-890
559,1,0,503,-56
553,0,1,447,-106
920,0,4,470,-450
905,0,5,254,-651
607,0,2,853,246
571,0,2,334,-237
680,0,4,174,-506
433,0,2,276,-157
975,0,5,329,-646
540,0,3,117,-423
227,1,0,287,60
426,2,0,440,14
775,0,2,540,-235
812,1,0,884,72
572,0,1,719,147
705,1,0,613,-92
118,1,0,187,69
990,0,3,677,-313
852,0,5,238,-614
691,0,1,569,-122
788,0,2,970,182
202,0,1,89,-113
247,0,5,910,663
531,1,0,612,81
347,0,2,165,-182
880,0,4,397,-483
804,0,1,917,113
72,0,5,694,622
558,0,2,402,-156
916,0,5,226,-690
480,0,3,140,-340
236,0,6,997,761
699,0,2,454,-245
416,0,3,70,-346
32,0,4,601,569
730,0,3,409,-321
147,0,2,379,232
580,0,1,466,-114
481,0,2,257,-224
337,2,0,383,46
532,0,4,995,463
762,0,3,367,-395
661,0,1,769,108
103,0,3,506,403
192,1,0,279,87
85,0,2,267,182
394,0,1,274,-120
790,0,5,173,-617
501,0,3,929,428
180,2,0,203,23
294,0,2,541,247
172,0,3,580,408
372,0,2,655,283
352,0,3,17,-335
781,0,6,1,-780
570,0,0,670,100
361,1,0,423,62
121,0,1,264,143
189,1,0,134,-55
557,0,2,735,178
475,0,4,953,478
962,0,2,808,-154
516,0,4,48,-468
903,1,0,817,-86
8,0,3,311,303
430,1,0,348,-82
32,0,6,925,893
878,0,3,478,-400
243,1,0,153,-90
362,0,2,152,-210
248,0,2,76,-172
869,0,3,444,-425
797,0,5,191,-606
697,0,4,205,-492
473,0,3,834,361
913,0,1,797,-116
556,1,0,613,57
727,0,5,36,-691
801,0,3,432,-369
704,0,2,880,176
402,0,3,765,363
222,0,1,85,-137
889,0,5,151,-738
884,0,6,6,-878
848,0,3,402,-446
888,0,6,137,-751
877,1,0,937,60
857,0,2,600,-257
746,0,2,957,211
801,0,3,379,-422
531,2,0,544,13
813,0,4,232,-581
133,0,2,286,153
27,0,7,929,902
727,2,0,689,-38
864,0,5,211,-653
651,0,2,869,218
761,0,1,643,-118
689,0,4,199,-490
85,0,2,376,291
584,0,3,889,305
877,2,0,860,-17
443,0,3,773,330
635,1,0,711,76
366,0,2,526,160
249,0,2,453,204
834,2,0,806,-28
136,1,0,225,89
988,0,6,102,-886
390,3,0,387,-3
22,0,7,966,944
157,0,1,26,-131
557,0,3,913,356
965,0,1,835,-130
990,0,5,263,-727
937,0,4,362,-575
185,0,3,582,397
745,0,5,3,-742
628,0,4,100,-528
500,0,4,966,466
90,0,6,842,752
531,0,3,867,336
140,0,3,544,404
244,0,2,85,-159
351,2,0,339,-12
408,0,2,189,-219
369,1,0,461,92
751,0,2,968,217
581,2,0,539,-42
566,0,2,282,-284
994,2,0,953,-41
923,0,6,165,-758
360,0,4,925,565
810,0,5,116,-694
973,0,4,500,-473
84,0,2,307,223
916,0,7,12,-904
907,0,2,752,-155
432,0,3,783,351
732,0,5,112,-620
883,1,0,812,-71
852,0,2,626,-226
365,0,2,519,154
733,0,2,541,-192
776,1,0,858,82
592,0,2,313,-279
118,0,4,699,581
841,0,2,677,-164
416,0,2,647,231
37,0,5,698,661
69,1,0,151,82
364,0,2,210,-154
757,0,5,152,-605
620,0,4,54,-566
671,0,2,401,-270
23,0,3,462,439
411,2,0,439,28
964,0,4,402,-562
588,0,4,115,-473
149,0,5,892,743
862,1,0,775,-87
900,0,3,513,-387
178,0,5,898,720
602,0,3,930,328
643,0,4,108,-535
639,0,4,97,-542
91,1,0,27,-64
226,0,4,682,456
49,0,2,305,256
806,0,3,424,-382
655,0,2,809,154
300,0,2,582,282
854,0,2,678,-176
892,0,2,699,-193
519,0,2,807,288
974,0,7,58,-916
244,0,3,601,357
83,2,0,58,-25
828,0,2,537,-291
11,0,7,924,913
888,1,0,804,-84
24,0,6,813,789
625,2,0,653,28
43,0,4,621,578
966,0,6,68,-898
23,0,5,725,702
270,0,1,136,-134
166,0,2,423,257
585,0,4,33,-552
851,0,3,473,-378
958,0,4,401,-557
580,0,2,776,196
12,0,5,698,686
829,0,5,127,-702
12,0,6,859,847
731,0,5,65,-666
200,0,3,576,376
119,0,2,401,282
340,0,0,240,-100
184,1,0,263,79
329,0,4,887,558
110,2,0,84,-26
325,0,4,812,487
602,0,2,820,218
427,0,2,242,-185
960,0,2,665,-295
24,1,0,79,55
805,0,3,414,-391
252,0,1,388,136
621,0,3,281,-340
26,0,6,822,796
287,0,1,141,-146
280,1,0,375,95
667,0,4,209,-458
846,0,2,588,-258
205,2,0,189,-16
844,0,4,320,-524
393,0,4,938,545
245,0,4,717,472
501,1,0,600,99
387,1,0,483,96
688,0,2,461,-227
352,1,0,432,80
206,0,2,395,189
536,0,2,287,-249
694,0,2,490,-204
577,2,0,619,42
726,0,5,61,-665
950,0,6,146,-804
900,1,0,841,-59
252,0,4,843,591
142,0,4,715,573
993,0,4,523,-470
550,0,2,365,-185
343,0,2,105,-238
889,0,2,613,-276
692,0,1,572,-120
528,0,3,221,-307
913,1,0,986,73
885,0,6,26,-859
218,0,5,945,727
365,0,4,846,481
307,0,2,87,-220
155,0,2,448,293
486,0,2,334,-152
86,0,1,205,119
835,0,1,974,139
435,0,2,226,-209
157,0,1,14,-143
655,0,4,189,-466
557,0,2,766,209
759,0,2,957,198
268,0,3,610,342
80,0,2,267,187
415,0,2,152,-263
333,0,3,689,356
212,0,2,394,182
970,0,3,605,-365
665,0,3,361,-304
192,0,2,42,-150
289,0,3,723,434
263,0,3,605,342
290,1,0,224,-66
420,0,2,263,-157
490,0,3,849,359
232,0,2,405,173
872,0,2,635,-237
970,0,6,81,-889
606,1,0,538,-68
376,0,2,105,-271
871,1,0,934,63
992,0,3,610,-382
813,0,3,435,-378
231,0,1,127,-104
388,1,0,477,89
386,1,0,315,-71
70,0,7,992,922
276,0,2,459,183
641,0,2,422,-219
120,1,0,47,-73
471,0,3,784,313
586,0,3,159,-427
647,1,0,588,-59
278,0,5,965,687
671,2,0,709,38
985,0,2,818,-167
912,0,4,336,-576
802,0,5,192,-610
137,1,0,71,-66
865,1,0,939,74
288,0,4,805,517
632,0,4,66,-566
851,0,5,118,-733
758,0,1,613,-145
140,0,6,890,750
146,0,2,432,286
720,0,4,162,-558
140,0,3,442,302
807,0,3,409,-398
100,2,0,88,-12
786,0,5,183,-603
337,0,4,864,527
965,3,0,971,6
603,0,2,422,-181
949,0,2,655,-294
729,0,2,569,-160
71,2,0,90,19
992,0,3,625,-367
929,0,4,445,-484
373,0,2,174,-199
934,1,0,843,-91
789,0,3,485,-304
904,0,3,558,-346
553,0,2,261,-292
971,0,6,174,-797
709,0,2,989,280
238,2,0,275,37
623,3,0,621,-2
907,0,7,5,-902
346,2,0,321,-25
765,2,0,800,35
876,0,5,161,-715
665,0,1,808,143
874,0,5,240,-634
660,1,0,573,-87
845,0,4,289,-556
174,0,1,49,-125
284,0,2,520,236
489,0,4,21,-468
223,0,2,29,-194
529,2,0,492,-37
516,2,0,555,39
718,2,0,693,-25
30,1,0,85,55
718,0,2,925,207
161,0,5,852,691
306,0,2,557,251
643,0,2,902,259
566,0,2,757,191
375,0,1,227,-148
627,2,0,666,39
727,0,2,574,-153
421,0,3,792,371
722,0,4,174,-548
726,0,4,142,-584
117,0,4,674,557
961,0,1,843,-118
216,0,2,470,254
96,0,1,230,134
802,0,0,902,100
252,0,2,431,179
253,0,3,591,338
481,0,1,366,-115
800,0,2,961,161
853,2,0,840,-13
26,0,4,598,572
279,0,2,30,-249
469,0,3,67,-402
710,0,3,379,-331
834,0,3,440,-394
469,0,4,962,493
775,0,1,652,-123
885,0,1,757,-128
245,0,2,412,167
822,0,2,556,-266
498,0,2,309,-189
316,0,2,72,-244
347,0,1,225,-122
187,0,2,374,187
228,0,5,975,747
526,0,4,30,-496
728,0,1,619,-109
109,1,0,186,77
623,0,4,109,-514
749,2,0,707,-42
908,0,3,471,-437
789,1,0,861,72
543,0,2,772,229
908,0,4,441,-467
189,1,0,115,-74
960,0,3,533,-427
670,1,0,585,-85
501,0,2,654,153
963,0,2,813,-150
406,2,0,392,-14
136,0,4,633,497
274,0,4,844,570
888,0,5,250,-638
578,0,4,79,-499
74,0,7,994,920
725,0,1,870,145
253,1,0,334,81
43,0,4,560,517
905,0,6,99,-806
224,2,0,194,-30
957,0,1,849,-108
583,1,0,640,57
390,0,2,144,-246
864,0,4,414,-450
231,0,5,953,722
549,0,3,237,-312
97,0,5,797,700
885,0,5,224,-661
838,0,5,214,-624
893,0,4,377,-516
692,0,2,516,-176
594,3,0,586,-8
496,0,2,673,177
320,0,3,746,426
212,1,0,122,-90
304,0,2,60,-244
464,0,1,588,124
562,0,3,973,411
339,0,2,554,215
39,0,4,620,581
248,0,1,384,136
968,0,2,793,-175
409,0,2,590,181
365,0,2,594,229
137,0,5,845,708
473,0,2,316,-157
921,0,2,729,-192
302,0,3,666,364
86,1,0,26,-60
707,0,2,876,169
847,0,2,673,-174
329,0,4,841,512
291,0,2,505,214
629,0,2,838,209
761,2,0,784,23
976,0,6,114,-862
9,0,2,251,242
384,0,1,247,-137
528,0,4,55,-473
6,0,6,891,885
97,0,5,733,636
617,2,0,643,26
201,2,0,227,26
858,3,0,851,-7
17,0,5,688,671
29,0,3,445,416
629,0,2,883,254
938,0,6,125,-813
929,0,4,342,-587
629,0,2,452,-177
23,0,4,537,514
153,0,4,683,530
784,0,5,108,-676
503,0,3,951,448
700,0,2,466,-234
172,0,5,918,746
73,0,5,731,658
748,1,0,663,-85
909,0,2,723,-186
837,0,3,412,-425
677,3,0,668,-9
709,0,2,942,233
641,0,2,940,299
792,0,1,643,-149
431,2,0,411,-20
42,0,3,382,340
776,0,1,883,107
125,0,2,397,272
944,0,4,360,-584
984,0,3,674,-310
981,0,5,262,-719
299,1,0,367,68
338,1,0,421,83
180,0,1,58,-122
660,0,2,886,226
90,0,5,802,712
455,0,2,709,254
818,0,6,51,-767
143,0,3,575,432
873,0,5,156,-717
802,0,1,946,144
142,0,1,246,104
774,0,1,920,146
23,0,3,460,437
901,0,4,391,-510
922,0,5,199,-723
186,0,5,837,651
716,0,1,821,105
285,0,4,811,526
383,0,1,493,110
961,0,6,174,-787
818,0,6,22,-796
981,0,2,788,-193
400,0,4,880,480
250,0,4,836,586
640,0,2,935,295
821,0,4,265,-556
689,3,0,681,-8
200,0,4,686,486
434,0,1,303,-131
853,0,5,240,-613
141,1,0,81,-60
227,0,1,372,145
787,0,3,483,-304
934,0,6,101,-833
139,0,5,879,740
705,0,2,915,210
140,0,4,674,534
233,0,2,446,213
785,1,0,856,71
678,0,2,471,-207
806,0,4,271,-535
822,0,1,961,139
216,0,1,97,-119
78,0,3,436,358
474,0,2,752,278
545,0,1,693,148
35,0,5,760,725
729,1,0,652,-77
127,3,0,133,6
167,2,0,185,18
353,0,3,709,356
563,0,1,461,-102
973,0,4,464,-509
826,1,0,885,59
879,0,3,564,-315
706,2,0,664,-42
163,0,3,497,334
344,1,0,440,96
993,0,6,120,-873
460,0,4,934,474
41,0,5,789,748
395,0,3,833,438
216,0,3,653,437
520,0,1,419,-101
435,2,0,469,34
823,1,0,922,99
515,0,2,360,-155
22,0,3,468,446
826,0,6,6,-820
276,1,0,208,-68
186,0,5,847,661
868,0,1,762,-106
809,0,1,690,-119
846,0,1,731,-115
851,3,0,852,1
802,0,2,585,-217
729,2,0,770,41
237,0,1,356,119
36,0,4,604,568
354,0,5,960,606
761,0,2,592,-169
955,0,6,180,-775
374,0,1,504,130
67,0,3,403,336
768,0,2,554,-214
11,0,7,988,977
431,0,3,5,-426
668,0,3,252,-416
470,2,0,514,44
860,0,2,684,-176
142,0,4,640,498
454,0,4,953,499
417,0,2,661,244
871,0,6,70,-801
926,0,6,103,-823
375,0,2,223,-152
824,0,2,535,-289
526,0,2,725,199
840,0,5,211,-629
975,0,2,708,-267
213,0,5,826,613
456,1,0,528,72
227,3,0,236,9
2,0,2,238,236
328,2,0,317,-11
303,0,3,649,346
479,0,2,652,173
439,0,2,244,-195
186,0,2,22,-164
235,0,2,453,218
919,0,2,628,-291
17,0,2,210,193
174,0,4,726,552
92,0,5,727,635
508,0,3,134,-374
726,0,3,394,-332
283,0,4,761,478
476,0,2,695,219
432,0,2,243,-189
110,0,5,826,716
701,0,2,889,188
578,0,2,360,-218
727,0,5,124,-603
825,2,0,856,31
292,0,2,12,-280
687,0,5,78,-609
830,0,4,287,-543
9,0,4,608,599
603,0,1,711,108
960,0,6,191,-769
220,0,2,455,235
373,0,3,813,440
205,0,4,678,473
836,0,4,276,-560
723,0,2,541,-182
768,0,1,660,-108
775,2,0,787,12
452,0,3,824,372
545,0,3,213,-332
146,1,0,213,67
247,1,0,161,-86
513,0,3,815,302
778,0,5,85,-693
121,0,3,506,385
841,2,0,862,21
199,0,5,818,619
758,0,1,657,-101
853,1,0,798,-55
922,1,0,977,55
46,0,5,673,627
452,0,1,555,103
45,1,0,117,72
790,0,3,347,-443
297,0,2,97,-200
805,0,5,141,-664
238,1,0,300,62
348,0,3,733,385
640,0,2,834,194
121,1,0,200,79
259,0,2,442,183
1000,0,2,746,-254
872,0,3,433,-439
678,1,0,770,92
650,0,5,10,-640
856,0,1,751,-105
364,0,5,964,600
423,0,3,32,-391
40,0,4,618,578
52,1,0,145,93
783,0,4,244,-539
146,0,6,918,772
539,1,0,599,60
242,0,3,654,412
726,0,3,316,-410
994,0,2,784,-210
53,3,0,51,-2
613,0,3,246,-367
595,0,4,58,-537
531,0,3,205,-326
203,1,0,299,96
323,2,0,296,-27
283,0,2,114,-169
66,1,0,144,78
965,0,5,240,-725
744,0,2,911,167
141,0,3,463,322
457,0,3,86,-371
144,0,5,750,606
394,0,2,176,-218
453,2,0,486,33
945,0,7,39,-906
565,0,3,229,-336
366,0,4,872,506
826,0,5,195,-631
347,0,5,997,650
747,0,1,848,101
580,0,3,266,-314
619,0,1,476,-143
838,0,4,382,-456
449,0,2,231,-218
571,0,1,443,-128
373,0,2,178,-195
164,0,2,345,181
533,1,0,455,-78
47,0,4,505,458
171,0,2,436,265
150,1,0,79,-71
759,0,1,884,125
71,0,3,429,358
840,0,4,367,-473
720,0,1,838,118
132,0,0,32,-100
562,0,2,840,278
306,0,1,433,127
400,0,4,888,488
150,2,0,129,-21
385,0,2,666,281
933,1,0,838,-95
602,0,4,152,-450
187,0,3,504,317
940,1,0,862,-78
56,0,3,403,347
167,0,4,708,541
731,0,4,228,-503
747,0,5,69,-678
696,0,1,836,140
230,0,3,543,313
325,0,4,839,514
92,0,4,687,595
197,2,0,209,12
81,0,6,919,838
348,0,2,110,-238
257,0,2,43,-214
954,0,5,243,-711
481,0,2,187,-294
538,0,3,856,318
639,0,3,947,308
848,0,3,487,-361
973,2,0,941,-32
867,0,4,312,-555
324,0,4,866,542
45,2,0,28,-17
261,0,3,709,448
748,0,3,338,-410
931,0,5,329,-602
513,0,2,730,217
182,0,2,341,159
552,1,0,455,-97
578,0,2,770,192
360,0,2,657,297
175,0,2,339,164
468,0,3,23,-445
450,0,1,315,-135
448,1,0,397,-51
157,0,4,717,560
37,0,6,930,893
988,2,0,973,-15
835,2,0,874,39
194,0,5,820,626
526,0,2,753,227
125,0,4,661,536
987,0,3,648,-339
838,0,2,664,-174
918,0,5,200,-718
900,0,2,733,-167
96,0,2,370,274
470,0,3,839,369
898,0,2,653,-245
775,0,6,6,-769
973,0,4,403,-570
207,3,0,204,-3
885,0,3,511,-374
72,0,3,396,324
607,0,4,108,-499
69,0,6,836,767
50,0,2,231,181
239,0,2,80,-159
797,0,2,558,-239
653,0,3,318,-335
861,1,0,947,86
316,0,2,28,-288
513,0,3,87,-426
276,0,2,478,202
651,0,3,264,-387
448,0,1,314,-134
342,0,2,581,239
421,0,4,889,468
342,1,0,440,98
162,0,5,784,622
437,0,1,583,146
58,0,6,831,773
920,0,4,356,-564
246,0,4,832,586
910,0,5,256,-654
370,0,2,144,-226
763,0,1,637,-126
457,0,3,898,441
50,0,2,299,249
879,0,3,545,-334
538,0,2,837,299
635,0,1,493,-142
310,0,3,736,426
814,0,5,88,-726
674,0,5,8,-666
222,0,2,473,251
444,0,3,851,407
21,0,4,588,567
439,0,2,262,-177
366,0,3,686,320
422,0,2,688,266
685,0,3,374,-311
60,0,6,949,889
879,0,4,330,-549
52,1,0,125,73
828,0,5,90,-738
727,0,4,273,-454
117,0,2,270,153
390,0,1,245,-145
148,0,1,250,102
4,2,0,53,49
186,0,1,290,104
712,1,0,649,-63
709,0,4,174,-535
667,0,2,836,169
820,2,0,788,-32
528,0,4,66,-462
910,2,0,933,23
17,0,4,544,527
75,1,0,126,51
456,0,4,984,528
623,0,4,136,-487
313,0,3,724,411
516,1,0,573,57
780,0,1,647,-133
91,0,5,772,681
959,0,4,490,-469
134,1,0,65,-69
164,0,2,356,192
629,0,4,170,-459
84,0,2,383,299
107,2,0,127,20
359,1,0,429,70
216,0,1,80,-136
639,0,2,408,-231
960,0,5,237,-723
905,0,6,116,-789
478,0,3,177,-301
331,2,0,368,37
46,3,0,39,-7
666,0,1,521,-145
936,2,0,924,-12
981,0,4,422,-559
431,0,2,668,237
342,1,0,426,84
181,1,0,118,-63
238,0,2,444,206
871,0,5,186,-685
891,0,5,162,-729
127,0,2,282,155
946,0,2,648,-298
39,0,6,854,815
178,0,1,32,-146
447,0,2,721,274
450,0,3,8,-442
790,1,0,860,70
265,0,1,137,-128
999,1,0,949,-50
16,2,0,56,40
218,0,1,116,-102
55,0,6,904,849
73,0,6,903,830
130,0,4,707,577
97,0,1,226,129
325,0,4,783,458
345,0,5,952,607
772,0,5,63,-709
742,0,5,97,-645
919,0,5,258,-661
73,0,4,536,463
125,0,2,300,175
118,0,5,843,725
722,0,3,346,-376
879,0,5,181,-698
643,0,4,157,-486
829,2,0,796,-33
147,0,3,573,426
119,2,0,88,-31
945,0,2,679,-266
223,0,4,817,594
583,2,0,556,-27
947,0,2,685,-262
725,0,3,308,-417
458,0,3,141,-317
619,2,0,642,23
391,0,2,544,153
274,2,0,310,36
402,0,2,212,-190
258,1,0,204,-54
253,1,0,194,-59
623,0,2,416,-207
52,0,5,789,737
939,0,6,103,-836
435,2,0,447,12
831,0,6,7,-824
389,2,0,361,-28
76,0,2,371,295
898,1,0,985,87
746,1,0,843,97
146,0,3,571,425
89,3,0,81,-8
225,0,2,426,201
846,0,2,599,-247
380,0,3,34,-346
13,0,4,536,523
931,0,1,793,-138
571,0,3,235,-336
661,0,2,821,160
328,0,2,481,153
61,0,6,845,784
543,2,0,579,36
758,0,5,110,-648
470,0,3,123,-347
872,0,4,416,-456
491,2,0,507,16
261,0,2,71,-190
481,0,4,938,457
553,0,3,205,-348
8,0,4,555,547
370,2,0,360,-10
940,0,2,669,-271
160,0,6,915,755
198,0,5,921,723
301,0,2,140,-161
81,0,1,229,148
395,0,3,745,350
474,0,2,235,-239
724,1,0,798,74
635,0,3,322,-313
938,0,6,143,-795
101,0,4,688,587
570,0,2,282,-288
100,0,2,315,215
886,0,5,214,-672
993,0,5,323,-670
460,0,4,964,504
766,0,5,24,-742
301,0,2,593,292
456,0,3,807,351
629,0,3,185,-444
961,2,0,946,-15
203,0,2,456,253
106,1,0,175,69
856,0,6,25,-831
136,0,4,723,587
821,1,0,769,-52
462,0,2,746,284
953,0,6,82,-871
877,1,0,782,-95
485,0,4,989,504
293,3,0,302,9
419,1,0,340,-79
723,0,5,11,-712
836,0,1,971,135
114,0,5,762,648
304,0,1,158,-146
308,0,1,186,-122
824,0,6,61,-763
294,2,0,274,-20
310,0,4,813,503
86,0,6,946,860
117,0,2,391,274
432,0,2,170,-262
598,0,2,824,226
49,0,4,562,513
40,0,2,237,197
596,0,3,923,327
349,1,0,262,-87
262,0,4,733,471
785,0,1,906,121
746,0,1,853,107
949,0,5,292,-657
824,0,1,715,-109
271,0,2,31,-240
463,2,0,441,-22
397,0,4,986,589
275,0,2,104,-171
232,0,2,78,-154
24,2,0,51,27
349,0,2,604,255
420,0,2,212,-208
578,1,0,659,81
241,0,4,746,505
619,2,0,658,39
971,0,4,379,-592
522,1,0,437,-85
23,0,2,232,209
421,0,3,8,-413
801,0,2,634,-167
745,0,5,145,-600
203,0,4,747,544
497,2,0,530,33
680,0,2,884,204
381,0,3,809,428
509,0,2,218,-291
526,0,1,423,-103
668,0,2,514,-154
464,0,3,771,307
190,0,1,299,109
860,0,2,639,-221
668,0,5,50,-618
123,0,3,528,405
278,0,2,465,187
158,0,2,422,264
530,0,3,922,392
579,0,2,281,-298
143,0,5,848,705
266,0,1,392,126
313,0,2,478,165
573,0,2,418,-155
103,0,2,393,290
482,1,0,429,-53
394,0,3,14,-380
670,0,5,59,-611
86,0,7,987,901
634,0,5,10,-624
89,0,5,777,688
286,0,2,552,266
137,1,0,203,66
158,0,2,443,285
392,0,5,993,601
818,0,4,321,-497
353,3,0,348,-5
630,0,4,133,-497
160,0,4,668,508
14,0,1,120,106
697,1,0,749,52
528,0,2,235,-293
372,0,4,938,566
663,0,3,346,-317
580,0,4,86,-494
556,0,3,966,410
464,0,3,65,-399
36,0,6,860,824
639,0,2,433,-206
724,0,4,255,-469
730,1,0,808,78
380,0,1,495,115
797,1,0,849,52
470,0,3,785,315
68,0,1,183,115
108,0,6,912,804
627,0,2,432,-195
254,0,4,849,595
397,2,0,429,32
329,0,3,756,427
595,0,3,178,-417
786,0,2,973,187
438,0,1,548,110
150,0,3,509,359
571,2,0,584,13
55,0,2,296,241
359,1,0,275,-84
466,0,2,220,-246
794,0,2,496,-298
893,0,5,226,-667
288,0,2,480,192
857,0,4,285,-572
459,2,0,482,23
294,1,0,241,-53
423,0,2,672,249
548,0,2,814,266
507,0,3,840,333
846,0,1,948,102
530,1,0,478,-52
641,0,2,442,-199
613,0,2,825,212
320,0,3,747,427
946,0,3,597,-349
475,0,3,42,-433
330,0,3,27,-303
612,1,0,673,61
671,2,0,691,20
797,0,1,930,133
747,0,1,619,-128
251,0,4,743,492
454,0,2,272,-182
804,0,4,310,-494
677,0,5,34,-643
459,0,2,659,200
417,0,2,661,244
555,0,3,119,-436
614,0,2,463,-151
131,0,4,699,568
13,0,6,765,752
606,0,4,136,-470
554,0,3,228,-326
263,0,3,661,398
869,0,6,93,-776
788,0,6,29,-759
920,3,0,911,-9
47,0,5,739,692
398,0,3,780,382
517,2,0,506,-11
690,0,2,413,-277
997,0,4,503,-494
402,0,3,84,-318
237,0,2,39,-198
201,0,5,903,702
139,2,0,151,12
378,0,4,849,471
129,0,4,693,564
342,1,0,397,55
706,2,0,721,15
245,0,2,3,-242
593,0,3,912,319
227,0,2,385,158
258,0,2,7,-251
609,0,2,796,187
491,0,2,308,-183
7,0,6,761,754
114,0,5,844,730
367,0,4,921,554
661,0,5,25,-636
705,0,2,498,-207
675,0,2,874,199
778,1,0,709,-69
304,0,2,601,297
735,0,1,878,143
148,2,0,125,-23
603,2,0,616,13
584,0,2,869,285
927,0,3,604,-323
400,0,2,593,193
669,0,5,29,-640
843,0,3,469,-374
207,0,3,641,434
325,2,0,341,16
331,0,1,441,110
116,0,1,247,131
30,0,3,417,387
388,0,3,698,310
300,0,4,834,534
621,0,2,905,284
784,0,3,373,-411
798,0,4,297,-501
190,0,4,653,463
340,1,0,260,-80
858,0,6,48,-810
729,0,5,125,-604
555,0,3,144,-411
322,0,5,991,669
933,0,6,151,-782
310,0,3,655,345
930,1,0,862,-68
850,0,3,511,-339
199,0,3,559,360
408,2,0,376,-32
943,0,3,501,-442
297,0,2,450,153
543,0,1,434,-109
638,0,1,740,102
959,0,6,107,-852
764,0,5,134,-630
260,0,3,656,396
899,2,0,938,39
921,0,6,96,-825
747,0,2,533,-214
165,0,3,603,438
238,0,2,18,-220
489,0,3,73,-416
501,0,3,867,366
179,0,2,358,179
453,0,2,277,-176
67,0,2,232,165
134,0,3,541,407
530,0,1,391,-139
573,0,3,165,-408
491,0,3,903,412
227,0,5,827,600
908,0,2,620,-288
378,0,2,201,-177
813,0,1,959,146
620,0,2,332,-288
669,3,0,672,3
974,0,6,135,-839
211,3,0,211,0
918,2,0,943,25
752,0,1,888,136
684,0,3,237,-447
380,0,3,786,406
404,0,3,12,-392
192,0,5,840,648
584,0,2,348,-236
85,0,3,398,313
526,0,2,797,271
374,3,0,369,-5
185,0,1,44,-141
95,0,3,412,317
250,0,2,83,-167
864,0,4,279,-585
326,0,2,99,-227
809,0,3,441,-368
465,0,4,987,522
200,1,0,108,-92
471,0,1,614,143
380,2,0,334,-46
817,0,1,935,118
963,0,1,832,-131
151,0,3,514,363
641,2,0,683,42
818,0,4,340,-478
889,1,0,969,80
694,0,4,205,-489
474,0,2,739,265
509,0,1,391,-118
732,2,0,703,-29
876,0,4,300,-576
475,0,1,338,-137
972,0,6,162,-810
130,0,2,299,169
505,0,1,640,135
499,0,1,362,-137
889,2,0,854,-35
456,1,0,551,95
40,0,1,189,149
924,2,0,908,-16
190,0,5,929,739
532,0,3,164,-368
467,0,3,46,-421
9,0,6,883,874
33,0,5,706,673
998,0,7,39,-959
570,0,2,368,-202
556,0,1,419,-137
625,0,4,101,-524
650,0,2,352,-298
94,2,0,132,38
933,0,4,345,-588
275,0,3,581,306
797,0,2,538,-259
515,0,2,799,284
995,0,3,633,-362
360,2,0,344,-16
666,1,0,614,-52
261,0,4,756,495
125,2,0,156,31
620,0,1,506,-114
290,0,2,557,267
521,0,2,229,-292
715,2,0,763,48
995,0,3,578,-417
119,0,6,905,786
908,0,4,402,-506
45,0,4,522,477
948,0,6,135,-813
493,1,0,580,87
489,0,1,590,101
692,0,2,527,-165
592,0,4,22,-570
640,0,3,234,-406
607,0,2,785,178
339,0,2,574,235
97,0,5,785,688
269,0,2,71,-198
95,2,0,79,-16
457,0,2,246,-211
780,0,4,308,-472
297,0,1,413,116
668,0,1,795,127
164,0,3,554,390
115,0,5,838,723
216,0,2,21,-195
952,0,4,364,-588
321,0,3,647,326
148,1,0,93,-55
14,0,5,617,603
495,0,3,75,-420
359,0,4,895,536
91,0,6,883,792
798,0,5,94,-704
726,0,5,96,-630
665,0,2,909,244
969,0,4,501,-468
4,0,5,653,649
307,0,5,935,628
765,0,3,376,-389
837,2,0,868,31
704,0,3,317,-387
653,0,2,492,-161
317,0,3,631,314
424,2,0,448,24
382,0,3,789,407
858,0,1,753,-105
586,0,3,214,-372
261,2,0,240,-21
888,0,4,382,-506
997,0,2,833,-164
266,0,3,700,434
198,0,2,46,-152
770,0,2,523,-247
980,0,5,333,-647
894,2,0,856,-38
575,0,2,734,159
570,0,3,890,320
981,0,5,282,-699
596,0,3,930,334
195,0,3,595,400
248,2,0,287,39
487,0,2,707,220
154,0,1,34,-120
751,0,4,209,-542
982,0,6,212,-770
866,0,2,628,-238
407,0,1,526,119
574,0,2,750,176
361,0,4,861,500
497,1,0,441,-56
143,0,6,976,833
275,0,4,757,482
345,0,3,31,-314
186,0,2,361,175
666,0,5,17,-649
842,0,2,579,-263
613,0,4,96,-517
108,0,3,491,383
91,1,0,24,-67
489,0,3,831,342
925,0,2,728,-197
841,1,0,791,-50
573,0,2,797,224
787,0,5,84,-703
903,0,4,374,-529
407,3,0,410,3
439,0,3,770,331
621,0,4,160,-461
151,0,5,810,659
490,0,1,635,145
459,0,4,979,520
817,0,1,923,106
401,0,1,511,110
683,2,0,694,11
618,0,2,858,240
322,0,5,998,676
622,0,2,824,202
298,0,3,647,349
503,0,2,703,200
40,0,4,540,500
83,0,6,909,826
99,1,0,14,-85
518,0,3,164,-354
520,0,1,643,123
740,0,4,237,-503
561,0,3,161,-400
494,0,1,375,-119
377,0,4,849,472
886,0,4,407,-479
423,0,4,982,559
231,0,4,705,474
431,0,4,914,483
216,0,3,657,441
718,0,5,36,-682
847,0,3,502,-345
449,1,0,519,70
846,2,0,874,28
164,0,6,991,827
832,0,1,975,143
14,0,6,842,828
296,0,1,442,146
103,0,4,628,525
694,1,0,757,63
923,0,6,37,-886
448,0,4,970,522
105,1,0,33,-72
785,1,0,733,-52
84,0,6,891,807
120,0,1,7,-113
941,0,4,458,-483
262,0,1,386,124
582,2,0,543,-39
709,0,4,222,-487
688,0,3,307,-381
218,0,2,478,260
693,0,3,284,-409
288,1,0,353,65
638,0,2,485,-153
870,0,3,427,-443
276,0,5,950,674
743,0,1,890,147
202,0,2,4,-198
179,0,4,767,588
901,0,5,221,-680
545,0,3,117,-428
546,0,1,421,-125
420,0,3,117,-303
777,0,3,347,-430
425,0,1,529,104
135,0,2,379,244
248,2,0,294,46
253,0,5,892,639
138,0,5,780,642
782,0,3,350,-432
725,0,2,463,-262
701,0,5,65,-636
371,0,5,1000,629
735,0,3,403,-332
715,0,2,926,211
162,0,5,813,651
295,1,0,377,82
419,0,3,59,-360
148,0,3,463,315
334,2,0,376,42
771,0,2,944,173
24,0,5,773,749
744,2,0,789,45
712,0,4,226,-486
562,0,3,200,-362
321,1,0,401,80
99,0,4,602,503
840,0,1,954,114
530,0,2,716,186
203,0,2,26,-177
601,1,0,548,-53
833,0,3,457,-376
522,0,3,917,395
846,0,5,226,-620
681,0,2,901,220
677,0,2,406,-271
78,0,2,243,165
894,2,0,907,13
672,0,4,141,-531
936,0,4,421,-515
968,0,5,299,-669
3,0,6,857,854
950,0,4,388,-562
91,0,2,386,295
949,0,2,716,-233
876,0,2,687,-189
499,0,1,608,109
481,0,2,769,288
786,0,6,15,-771
747,0,5,102,-645
851,1,0,925,74
104,0,3,419,315
231,0,4,791,560
268,0,3,593,325
960,1,0,901,-59
392,1,0,341,-51
15,0,2,289,274
354,0,1,499,145
892,0,6,79,-813
554,2,0,581,27
456,1,0,404,-52
776,0,2,534,-242
510,0,1,406,-104
751,0,5,151,-600
736,0,4,183,-553
414,1,0,325,-89
226,0,3,671,445
714,0,4,132,-582
849,0,2,638,-211
878,0,6,26,-852
569,0,2,853,284
627,0,2,336,-291
996,0,6,135,-861
37,0,3,399,362
831,0,2,571,-260
34,0,7,952,918
755,0,2,584,-171
634,0,4,97,-537
828,0,1,967,139
839,0,4,298,-541
402,1,0,352,-50
547,0,2,369,-178
933,0,5,274,-659
173,0,2,438,265
347,2,0,334,-13
698,2,0,667,-31
272,0,5,939,667
712,0,4,207,-505
497,0,1,371,-126
993,0,7,23,-970
263,2,0,238,-25
390,0,2,183,-207
274,0,2,39,-235
292,0,1,152,-140
657,0,3,997,340
244,0,4,725,481
527,0,3,164,-363
650,0,3,226,-424
221,0,2,387,166
574,0,2,278,-296
687,0,5,70,-617
871,0,2,646,-225
951,0,6,155,-796
356,1,0,298,-58
283,0,1,419,136
957,0,1,815,-142
90,0,5,833,743
695,1,0,780,85
917,0,4,370,-547
58,0,3,494,436
550,0,2,791,241
825,0,3,523,-302
78,0,1,205,127
668,0,5,2,-666
781,2,0,813,32
240,0,1,353,113
895,0,5,227,-668
670,2,0,628,-42
309,0,2,481,172
70,0,2,231,161
531,0,3,179,-352
106,0,3,470,364
928,0,2,678,-250
349,0,4,884,535
202,0,3,637,435
704,0,1,599,-105
230,0,5,946,716
799,0,3,377,-422
361,0,2,635,274
521,0,2,739,218
424,2,0,469,45
135,0,2,338,203
88,0,6,894,806
821,0,5,186,-635
343,0,2,97,-246
989,0,3,650,-339
651,0,2,393,-258
539,0,2,810,271
748,0,1,612,-136
317,0,1,191,-126
774,0,3,473,-301
177,0,1,280,103
247,3,0,254,7
56,0,3,407,351
773,0,2,600,-173
376,0,3,775,399
822,0,5,99,-723
424,1,0,501,77
239,0,5,958,719
239,0,2,430,191
97,0,1,216,119
856,0,1,718,-138
398,0,3,41,-357
317,0,1,442,125
507,0,4,27,-480
918,1,0,854,-64
731,0,2,452,-279
111,0,1,227,116
858,0,6,39,-819
681,0,2,864,183
976,3,0,979,3
268,0,2,20,-248
343,1,0,423,80
52,0,6,847,795
546,0,3,190,-356
141,0,3,453,312
381,0,2,165,-216
289,0,3,634,345
877,0,6,48,-829
280,0,4,853,573
987,0,6,233,-754
906,0,4,309,-597
528,0,3,183,-345
94,0,6,956,862
440,0,2,682,242
23,0,5,652,629
762,2,0,796,34
206,0,4,677,471
137,0,2,368,231
957,0,7,41,-916
100,0,4,613,513
69,0,5,802,733
182,0,6,958,776
693,0,3,337,-356
82,0,3,406,324
966,0,4,381,-585
964,0,5,347,-617
634,0,2,882,248
286,0,2,10,-276
484,0,3,114,-370
632,0,5,15,-617
216,0,4,744,528
590,1,0,676,86
685,0,1,789,104
674,0,3,257,-417
58,0,6,878,820
443,0,2,184,-259
177,0,5,805,628
326,2,0,342,16
79,1,0,137,58
125,1,0,215,90
997,0,4,494,-503
985,0,3,639,-346
885,0,4,394,-491
441,2,0,470,29
925,2,0,904,-21
617,2,0,605,-12
859,1,0,807,-52
77,0,6,967,890
177,0,5,830,653
55,0,3,412,357
160,0,5,799,639
944,0,4,432,-512
437,0,4,963,526
381,0,2,617,236
266,0,2,447,181
643,2,0,621,-22
538,2,0,551,13
195,0,1,94,-101
88,0,2,263,175
181,0,2,406,225
351,0,4,919,568
189,0,4,725,536
566,0,2,395,-171
105,0,4,620,515
207,0,2,34,-173
429,0,3,23,-406
441,0,3,113,-328
315,0,4,898,583
141,0,5,883,742
47,1,0,107,60
648,2,0,688,40
524,0,1,658,134
428,0,3,113,-315
58,0,7,961,903
735,0,1,884,149
514,0,2,295,-219
917,2,0,946,29
635,0,4,52,-583
711,0,1,563,-148
335,1,0,396,61
529,0,2,734,205
997,0,5,333,-664
959,0,6,140,-819
896,0,6,131,-765
306,0,4,888,582
126,0,4,715,589
262,0,2,87,-175
414,0,3,74,-340
607,0,2,313,-294
552,0,2,732,180
977,0,7,36,-941
248,0,3,610,362
182,0,6,954,772
641,0,2,815,174
501,0,3,139,-362
186,0,4,671,485
175,0,3,517,342
389,0,2,130,-259
116,0,5,860,744
511,0,2,353,-158
410,1,0,506,96
152,0,6,999,847
529,0,4,63,-466
334,0,4,914,580
523,1,0,616,93
843,0,3,447,-396
222,0,2,489,267
558,0,3,906,348
807,0,2,628,-179
899,2,0,877,-22
573,0,1,687,114
361,2,0,409,48
158,0,6,928,770
891,0,2,608,-283
362,0,2,193,-169
540,0,2,703,163
607,0,2,336,-271
441,0,3,2,-439
831,3,0,836,5
321,0,2,113,-208
377,1,0,471,94
33,0,3,364,331
125,0,4,608,483
362,0,2,156,-206
898,0,6,29,-869
167,0,1,284,117
673,0,3,981,308
750,2,0,794,44
193,1,0,287,94
330,0,2,502,172
576,0,3,998,422
560,0,3,910,350
459,1,0,546,87
58,1,0,144,86
359,0,3,22,-337
931,0,2,644,-287
509,2,0,488,-21
914,0,4,385,-529
821,0,3,477,-344
935,0,7,16,-919
818,0,5,91,-727
521,0,3,887,366
165,0,5,768,603
700,0,1,574,-126
996,1,0,943,-53
927,0,1,821,-106
215,0,3,550,335
535,0,2,727,192
774,0,1,903,129
848,0,3,453,-395
162,2,0,197,35
971,0,4,487,-484
85,0,2,361,276
498,0,2,311,-187
722,0,2,494,-228
623,0,3,937,314
271,1,0,197,-74
628,0,2,445,-183
763,0,5,69,-694
362,0,2,189,-173
555,0,3,235,-320
101,0,4,638,537
447,1,0,374,-73
161,0,1,43,-118
552,0,4,98,-454
533,1,0,614,81
940,0,4,378,-562
719,0,3,349,-370
209,1,0,142,-67
903,0,6,72,-831
955,0,4,361,-594
751,0,4,274,-477
190,1,0,133,-57
735,0,4,145,-590
183,0,3,526,343
712,0,5,10,-702
591,0,2,885,294
312,0,5,981,669
246,0,2,404,158
440,0,3,842,402
374,0,1,508,134
294,0,4,823,529
597,0,2,417,-180
173,0,6,994,821
993,0,6,222,-771
20,0,4,502,482
917,0,3,498,-419
474,2,0,522,48
348,0,1,235,-113
824,0,5,93,-731
60,1,0,10,-50
402,2,0,440,38
357,0,2,512,155
727,0,4,160,-567
538,0,2,303,-235
726,0,4,142,-584
78,0,3,437,359
55,0,3,405,350
633,0,2,341,-292
422,1,0,325,-97
380,0,2,645,265
850,3,0,851,1
990,0,1,842,-148
807,0,5,151,-656
251,0,2,544,293
453,0,4,971,518
548,2,0,532,-16
875,0,3,507,-368
832,1,0,765,-67
317,3,0,320,3
704,1,0,776,72
448,0,2,165,-283
512,0,2,742,230
52,0,4,637,585
906,0,2,666,-240
446,0,2,659,213
609,0,4,113,-496
1000,0,2,725,-275
236,0,2,416,180
26,1,0,80,54
892,0,3,575,-317
167,0,4,625,458
715,0,3,406,-309
336,0,1,219,-117
12,0,6,890,878
135,0,1,276,141
667,0,2,928,261
196,0,4,689,493
939,0,2,735,-204
628,0,2,902,274
219,0,3,523,304
37,0,5,782,745
574,0,3,969,395
643,0,3,315,-328
177,0,6,935,758
98,0,1,221,123
732,0,3,371,-361
428,0,1,280,-148
365,0,2,554,189
663,3,0,656,-7
182,0,2,428,246
276,1,0,219,-57
24,0,2,271,247
480,1,0,560,80
773,0,1,898,125
935,0,4,410,-525
591,0,2,431,-160
469,0,3,786,317
808,0,3,434,-374
410,0,3,31,-379
290,0,4,878,588
227,0,4,817,590
501,0,2,789,288
427,0,4,883,456
517,0,3,836,319
69,2,0,88,19
898,0,5,265,-633
29,0,3,415,386
794,0,1,908,114
354,0,5,972,618
729,0,3,385,-344
235,1,0,329,94
479,0,2,226,-253
689,0,5,42,-647
362,0,3,58,-304
301,0,4,847,546
672,0,2,466,-206
557,0,3,864,307
697,0,1,566,-131
260,0,5,870,610
693,0,1,545,-148
780,0,3,340,-440
683,0,4,116,-567
809,0,4,352,-457
486,0,4,959,473
555,0,3,162,-393
191,0,6,958,767
797,0,2,992,195
766,0,6,4,-762
738,2,0,694,-44
585,0,1,447,-138
927,0,3,578,-349
122,0,3,496,374
238,0,1,357,119
480,0,2,760,280
913,0,5,217,-696
107,0,1,247,140
305,0,5,941,636
419,0,2,710,291
602,0,3,243,-359
841,0,5,212,-629
945,0,4,365,-580
706,0,4,148,-558
475,0,1,364,-111
884,0,3,575,-309
931,0,5,321,-610
657,0,2,911,254
290,2,0,259,-31
277,0,3,658,381
302,0,5,987,685
145,2,0,102,-43
659,0,2,362,-297
785,1,0,703,-82
932,0,2,726,-206
764,0,5,143,-621
428,0,3,864,436
905,0,5,203,-702
793,2,0,744,-49
537,0,3,223,-314
3,1,0,54,51
583,0,2,331,-252
962,0,4,484,-478
482,1,0,411,-71
565,0,3,155,-410
935,0,2,656,-279
51,0,4,580,529
539,3,0,535,-4
188,0,3,538,350
571,1,0,485,-86
504,1,0,425,-79
110,1,0,179,69
627,0,2,877,250
121,1,0,69,-52
308,0,5,941,633
994,0,4,464,-530
155,0,6,932,777
781,0,2,975,194
469,0,4,973,504
812,1,0,906,94
559,0,3,898,339
540,1,0,612,72
332,0,3,660,328
460,0,4,985,525
777,0,3,442,-335
238,0,3,687,449
113,0,6,928,815
250,2,0,231,-19
564,2,0,587,23
544,0,1,436,-108
407,0,3,821,414
314,0,5,939,625
570,1,0,631,61
642,0,2,451,-191
734,0,4,143,-591
455,1,0,361,-94
967,0,5,295,-672
898,0,1,765,-133
334,0,2,540,206
543,1,0,631,88
834,0,2,683,-151
683,0,2,493,-190
355,0,3,660,305
692,0,2,942,250
325,0,1,457,132
388,0,2,232,-156
831,0,6,80,-751
477,0,2,645,168
644,0,1,535,-109
30,2,0,65,35
925,0,5,262,-663
654,0,1,758,104
781,1,0,684,-97
500,0,2,237,-263
156,3,0,165,9
635,0,2,862,227
446,2,0,463,17
793,2,0,771,-22
207,0,5,884,677
297,0,2,83,-214
469,0,2,300,-169
251,1,0,159,-92
874,0,3,571,-303
971,1,0,919,-52
59,0,4,612,553
853,1,0,910,57
9,0,4,496,487
292,0,3,670,378
225,0,1,363,138
471,0,3,898,427
129,0,6,992,863
191,2,0,204,13
856,2,0,844,-12
658,1,0,714,56
100,0,4,653,553
421,0,2,173,-248
440,0,3,88,-352
702,0,2,873,171
226,1,0,297,71
575,0,2,405,-170
288,0,2,1,-287
63,0,6,892,829
9,0,4,488,479
586,0,2,353,-233
173,0,4,743,570
134,0,3,496,362
477,0,2,670,193
991,0,7,77,-914
921,0,4,329,-592
375,0,3,21,-354
827,0,4,271,-556
269,0,3,668,399
241,0,2,397,156
858,3,0,857,-1
80,0,4,534,454
732,2,0,718,-14
862,0,2,636,-226
720,0,4,181,-539
195,0,1,71,-124
341,0,2,610,269
846,0,5,114,-732
606,0,3,284,-322
815,0,2,589,-226
932,0,5,189,-743
759,0,5,148,-611
217,0,4,669,452
310,0,3,729,419
225,2,0,240,15
935,0,4,468,-467
719,0,1,575,-144
293,0,4,862,569
611,0,4,118,-493
444,2,0,427,-17
867,0,3,470,-397
20,0,6,827,807
228,1,0,283,55
917,0,5,196,-721
378,0,1,526,148
831,1,0,734,-97
141,0,3,493,352
877,0,3,577,-300
566,0,3,181,-385
466,0,2,288,-178
267,0,1,123,-144
567,0,3,179,-388
944,0,4,424,-520
641,0,2,356,-285
982,0,7,22,-960
565,0,1,668,103
781,0,2,535,-246
949,0,2,748,-201
398,0,3,729,331
995,0,6,140,-855
291,2,0,326,35
820,0,2,999,179
543,0,4,44,-499
132,0,1,239,107
262,0,2,550,288
409,0,2,637,228
568,0,3,165,-403
138,0,3,568,430
499,0,2,768,269
397,0,2,139,-258
852,0,3,414,-438
4,1,0,69,65
480,0,1,588,108
52,1,0,150,98
625,0,4,30,-595
201,1,0,138,-63
339,0,1,444,105
416,0,1,519,103
498,0,2,323,-175
540,1,0,462,-78
468,0,2,669,201
718,0,3,405,-313
289,0,3,666,377
234,0,2,409,175
675,0,3,270,-405
630,0,2,926,296
374,0,5,983,609
528,0,2,686,158
552,0,3,186,-366
577,0,2,798,221
796,0,4,247,-549
359,0,3,778,419
25,0,2,294,269
931,1,0,845,-86
249,0,2,541,292
484,0,3,853,369
982,0,4,475,-507
81,0,3,500,419
481,0,1,609,128
646,0,1,779,133
77,0,1,220,143
894,0,4,375,-519
529,1,0,457,-72
968,0,5,260,-708
412,0,3,822,410
844,0,3,514,-330
115,0,5,813,698
212,2,0,240,28
401,0,3,773,372
319,1,0,224,-95
10,0,1,119,109
60,0,1,209,149
60,0,6,855,795
837,0,5,138,-699
741,2,0,783,42
903,0,2,676,-227
983,0,5,279,-704
176,0,3,621,445
19,0,3,339,320
605,2,0,637,32
307,0,2,605,298
68,0,3,385,317
618,0,1,499,-119
265,0,4,810,545
302,0,2,563,261
303,0,2,152,-151
208,2,0,186,-22
775,0,1,633,-142
466,3,0,457,-9
256,0,2,40,-216
325,2,0,296,-29
783,0,0,683,-100
546,0,3,963,417
518,0,2,813,295
660,0,5,10,-650
353,0,2,591,238
178,0,2,383,205
404,1,0,465,61
840,2,0,815,-25
737,0,2,564,-173
632,0,2,335,-297
194,0,3,596,402
243,0,5,871,628
223,0,2,505,282
919,0,2,661,-258
671,1,0,722,51
189,0,2,482,293
197,0,5,920,723
409,0,2,625,216
782,0,3,462,-320
22,2,0,68,46
722,0,2,919,197
302,0,3,640,338
44,0,3,457,413
29,1,0,116,87
844,0,5,239,-605
159,0,3,494,335
403,0,3,709,306
504,1,0,454,-50
695,0,1,810,115
669,0,3,235,-434
490,1,0,548,58
19,0,2,244,225
770,0,4,297,-473
470,0,1,613,143
684,0,2,398,-286
646,0,2,472,-174
688,0,2,907,219
483,0,3,927,444
46,0,2,218,172
566,0,3,983,417
822,1,0,918,96
740,0,3,425,-315
348,0,2,609,261
517,0,1,415,-102
993,1,0,896,-97
224,0,1,360,136
172,0,4,646,474
894,2,0,909,15
528,0,2,283,-245
337,0,3,37,-300
648,0,5,7,-641
80,0,4,595,515
59,0,4,602,543
504,0,3,936,432
466,1,0,371,-95
406,0,2,139,-267
954,0,5,267,-687
278,2,0,304,26
182,0,3,568,386
42,0,6,908,866
118,0,2,334,216
971,0,5,285,-686
115,0,2,307,192
881,0,4,385,-496
794,2,0,763,-31
689,2,0,647,-42
995,0,3,653,-342
33,0,1,140,107
360,2,0,386,26
997,0,5,314,-683
373,1,0,276,-97
630,0,3,188,-442
960,2,0,946,-14
177,2,0,197,20
808,0,3,497,-311
78,0,1,195,117
430,0,3,77,-353
953,0,4,405,-548
480,0,2,765,285
735,2,0,746,11
293,0,4,753,460
136,0,2,372,236
672,2,0,635,-37
51,0,6,873,822
981,0,4,386,-595
63,2,0,36,-27
574,2,0,563,-11
329,0,4,798,469
394,0,2,668,274
7,0,5,708,701
716,0,4,124,-592
351,2,0,330,-21
605,0,4,83,-522
905,0,3,501,-404
60,0,5,704,644
394,0,2,196,-198
956,0,5,263,-693
127,0,4,624,497
447,0,4,946,499
609,0,2,810,201
41,0,2,287,246
666,0,3,346,-320
392,0,4,909,517
394,1,0,460,66
348,0,1,240,-108
314,2,0,296,-18
192,0,6,954,762
268,0,4,806,538
667,0,1,549,-118
661,0,4,169,-492
250,0,5,868,618
466,0,3,66,-400
374,0,3,743,369
0,0,4,483,483
946,0,5,207,-739
827,0,4,233,-594
911,1,0,818,-93
638,0,2,924,286
308,0,4,898,590
346,0,3,3,-343
480,0,2,296,-184
150,0,2,351,201
975,0,2,789,-186
756,0,1,638,-118
408,0,2,156,-252
283,0,4,864,581
283,0,4,862,579
221,0,3,535,314
162,0,3,542,380
177,0,5,831,654
770,0,5,107,-663
889,0,3,548,-341
892,0,5,145,-747
197,0,3,586,389
568,0,2,398,-170
459,1,0,547,88
258,0,5,928,670
352,0,1,480,128
300,1,0,398,98
525,0,2,252,-273
4,0,2,210,206
861,0,2,643,-218
191,0,3,558,367
269,0,5,953,684
458,1,0,544,86
0,0,3,366,366
773,0,4,226,-547
38,0,6,927,889
878,0,5,224,-654
995,0,6,183,-812
116,0,6,880,764
417,0,2,243,-174
590,0,3,932,342
666,2,0,676,10
847,3,0,849,2
984,0,3,589,-395
7,0,7,965,958
911,0,6,38,-873
862,3,0,860,-2
543,0,3,191,-352
325,1,0,242,-83
44,0,3,357,313
721,0,2,907,186
544,0,4,76,-468
435,3,0,432,-3
843,1,0,757,-86
7,0,2,279,272
704,0,2,424,-280
351,0,3,735,384
865,0,6,63,-802
658,0,2,374,-284
70,0,4,584,514
719,0,5,79,-640
679,0,2,521,-158
728,0,1,600,-128
343,0,2,547,204
689,0,2,458,-231
82,0,3,389,307
805,0,2,536,-269
551,1,0,616,65
583,0,3,213,-370
304,0,2,122,-182
15,2,0,35,20
814,0,4,330,-484
113,0,2,316,203
940,0,5,233,-707
373,1,0,430,57
345,0,4,856,511
267,0,3,622,355
827,2,0,862,35
606,0,3,219,-387
513,0,1,409,-104
867,0,3,487,-380
49,1,0,108,59
305,1,0,403,98
64,0,5,772,708
533,0,3,833,300
195,1,0,141,-54
965,1,0,892,-73
381,0,3,35,-346
740,0,5,129,-611
101,0,6,993,892
295,2,0,330,35
213,0,5,938,725
644,1,0,553,-91
353,0,5,973,620
808,0,1,913,105
217,0,1,89,-128
825,0,5,85,-740
50,0,2,248,198
205,0,1,87,-118
728,0,2,975,247
807,0,1,672,-135
22,2,0,33,11
157,0,1,298,141
886,0,2,674,-212
442,0,1,310,-132
158,0,2,409,251
277,2,0,242,-35
800,0,3,377,-423
67,0,5,785,718
921,0,2,719,-202
430,0,2,618,188
984,0,6,177,-807
835,1,0,919,84
497,0,0,597,100
225,1,0,283,58
473,1,0,569,96
575,0,3,916,341
25,1,0,117,92
203,0,5,889,686
259,2,0,288,29
401,2,0,357,-44
101,0,2,256,155
673,0,3,243,-430
441,0,2,647,206
711,0,2,541,-170
636,0,1,756,120
721,0,3,402,-319
636,0,3,200,-436
685,0,4,222,-463
597,0,4,69,-528
200,0,3,630,430
591,2,0,557,-34
858,1,0,777,-81
197,2,0,181,-16
335,1,0,272,-63
969,0,6,196,-773
751,0,3,431,-320
184,0,4,766,582
819,0,4,331,-488
852,0,4,289,-563
822,2,0,861,39
217,1,0,315,98
428,0,3,765,337
154,0,6,904,750
915,0,5,290,-625
786,2,0,812,26
483,0,2,775,292
418,0,3,719,301
66,0,2,251,185
69,0,5,679,610
441,0,2,601,160
258,0,2,87,-171
25,0,4,540,515
433,0,1,324,-109
299,0,1,401,102
568,0,3,241,-327
358,0,3,683,325
245,0,4,751,506
326,3,0,324,-2
519,1,0,465,-54
969,0,6,206,-763
652,0,3,989,337
966,0,5,327,-639
897,0,6,68,-829
529,0,2,736,207
786,0,3,394,-392
956,0,6,153,-803
64,1,0,136,72
148,0,6,1000,852
616,1,0,680,64
745,0,1,602,-143
768,0,2,574,-194
585,0,1,689,104
292,0,1,421,129
231,2,0,263,32
449,2,0,420,-29
201,0,2,354,153
677,0,4,204,-473
564,0,1,453,-111
252,3,0,243,-9
905,0,3,568,-337
627,0,4,125,-502
239,0,5,913,674
410,2,0,379,-31
461,0,2,758,297
239,0,2,430,191
77,0,5,823,746
986,0,3,549,-437
363,3,0,366,3
784,2,0,772,-12
439,0,1,291,-148
571,0,2,776,205
720,2,0,679,-41
409,0,4,981,572
7,0,3,437,430
60,0,6,840,780
138,0,5,862,724
664,0,3,342,-322
850,0,4,349,-501
771,3,0,773,2
402,0,3,739,337
46,0,4,515,469
242,0,3,632,390
380,2,0,363,-17
101,0,5,741,640
294,0,1,425,131
782,0,1,650,-132
814,0,2,549,-265
928,0,6,49,-879
661,2,0,618,-43
36,0,4,626,590
114,0,4,577,463
286,0,2,523,237
828,0,2,666,-162
670,0,1,535,-135
896,0,5,280,-616
658,1,0,717,59
782,0,5,163,-619
137,0,4,624,487
633,0,3,294,-339
253,1,0,351,98
262,0,2,545,283
402,0,4,951,549
794,0,2,562,-232
585,1,0,650,65
81,0,2,378,297
895,0,6,6,-889
677,0,3,243,-434
366,0,4,942,576
519,0,3,87,-432
406,0,2,173,-233
762,0,3,440,-322
382,0,2,128,-254
909,0,4,370,-539
536,0,2,373,-163
454,1,0,504,50
175,0,2,370,195
589,0,3,972,383
714,0,2,416,-298
809,0,1,699,-110
906,0,5,205,-701
988,1,0,919,-69
260,0,2,49,-211
582,0,1,475,-107
967,2,0,932,-35
978,0,6,196,-782
583,0,2,817,234
451,0,3,777,326
978,0,4,517,-461
261,0,2,533,272
889,0,5,281,-608
106,0,5,798,692
721,0,4,213,-508
932,0,4,403,-529
957,0,6,185,-772
336,0,3,779,443
536,0,3,893,357
329,0,3,747,418
576,0,2,780,204
381,0,3,788,407
135,0,2,419,284
698,0,2,861,163
125,0,6,939,814
418,0,3,101,-317
834,2,0,881,47
656,0,1,762,106
919,0,5,189,-730
844,0,4,356,-488
720,0,4,146,-574
876,0,5,194,-682
578,2,0,602,24
783,0,4,282,-501
191,0,2,474,283
407,0,4,893,486
338,1,0,408,70
155,0,5,837,682
775,0,2,524,-251
990,0,3,575,-415
621,0,3,264,-357
149,0,4,704,555
303,0,2,137,-166
780,1,0,877,97
745,0,4,194,-551
158,0,5,877,719
965,0,5,332,-633
310,0,4,851,541
351,0,4,858,507
80,1,0,2,-78
86,0,3,418,332
847,0,5,196,-651
610,0,1,757,147
940,0,4,356,-584
425,0,2,153,-272
459,0,2,663,204
733,1,0,792,59
748,0,4,278,-470
301,0,1,419,118
709,1,0,780,71
343,0,2,622,279
625,0,2,814,189
74,0,2,298,224
331,2,0,309,-22
962,2,0,998,36
317,0,2,53,-264
473,0,4,926,453
949,0,5,309,-640
83,0,4,648,565
645,1,0,731,86
16,0,2,203,187
29,0,3,362,333
781,1,0,723,-58
854,0,2,604,-250
992,0,4,519,-473
740,0,5,68,-672
82,0,5,791,709
751,0,2,560,-191
25,1,0,84,59
35,0,5,680,645
629,0,3,199,-430
29,3,0,35,6
305,0,3,700,395
635,0,4,149,-486
812,1,0,731,-81
437,0,4,916,479
694,0,4,121,-573
757,0,2,483,-274
626,0,3,206,-420
768,0,2,472,-296
239,0,1,365,126
356,1,0,269,-87
934,1,0,856,-78
209,0,2,387,178
6,0,6,855,849
637,0,4,54,-583
27,0,5,757,730
643,0,1,541,-102
6,0,5,646,640
584,0,1,479,-105
75,0,6,849,774
843,0,1,985,142
96,0,6,994,898
476,0,3,847,371
461,2,0,445,-16
658,0,3,984,326
230,0,2,461,231
545,0,1,657,112
271,1,0,331,60
618,0,3,268,-350
729,0,3,280,-449
559,1,0,637,78
740,2,0,694,-46
49,0,6,932,883
526,2,0,548,22
782,0,4,226,-556
472,1,0,392,-80
437,2,0,447,10
196,2,0,156,-40
468,0,3,798,330
503,0,3,815,312
403,0,3,10,-393
894,0,6,5,-889
259,0,1,139,-120
432,2,0,474,42
780,2,0,814,34
944,0,5,269,-675
443,0,2,238,-205
863,1,0,929,66
93,0,7,993,900
248,0,2,28,-220
131,2,0,171,40
17,0,2,208,191
259,0,5,932,673
348,1,0,254,-94
328,0,2,39,-289
681,0,2,930,249
501,0,3,127,-374
896,1,0,947,51
726,1,0,802,76
471,0,1,579,108
441,0,2,664,223
462,0,3,87,-375
861,1,0,796,-65
642,0,1,762,120
753,1,0,683,-70
108,0,6,928,820
361,0,5,1000,639
757,1,0,692,-65
372,0,2,612,240
529,0,3,152,-377
784,2,0,758,-26
52,0,5,689,637
344,0,1,229,-115
962,0,6,178,-784
249,0,5,962,713
327,0,2,119,-208
195,0,4,688,493
172,1,0,235,63
454,0,3,7,-447
161,0,5,824,663
629,0,4,98,-531
847,0,2,560,-287
560,0,3,952,392
907,1,0,992,85
292,0,2,67,-225
86,0,3,401,315
179,0,4,766,587
386,0,2,666,280
172,0,4,669,497
849,0,4,267,-582
757,1,0,704,-53
943,0,4,423,-520
469,0,2,692,223
565,0,4,17,-548
796,2,0,774,-22
383,0,2,607,224
976,0,6,92,-884
315,2,0,289,-26
195,0,2,401,206
966,0,4,461,-505
566,0,2,720,154
340,0,4,861,521
966,0,3,555,-411
83,0,6,942,859
162,0,4,640,478
662,0,4,173,-489
579,0,2,397,-182
44,0,3,376,332
150,2,0,130,-20
556,1,0,461,-95
596,0,3,904,308
318,0,3,648,330
496,0,3,918,422
745,2,0,760,15
35,0,2,285,250
339,0,3,669,330
747,0,4,242,-505
592,0,3,242,-350
256,0,1,376,120
704,0,3,278,-426
613,0,2,355,-258
805,0,5,123,-682
48,0,2,343,295
478,0,3,916,438
75,0,2,374,299
271,2,0,230,-41
279,0,3,601,322
356,0,4,951,595
670,0,3,231,-439
450,0,3,31,-419
922,0,2,757,-165
325,0,2,27,-298
893,0,2,657,-236
745,0,4,286,-459
749,2,0,788,39
657,2,0,688,31
67,0,2,270,203
870,1,0,812,-58
662,0,2,403,-259
985,0,1,858,-127
928,0,2,702,-226
422,0,3,755,333
435,0,3,850,415
184,0,1,319,135
303,0,4,850,547
257,0,1,134,-123
979,0,4,393,-586
766,0,3,401,-365
754,0,5,131,-623
717,0,2,960,243
379,1,0,326,-53
180,0,1,322,142
809,0,5,120,-689
675,0,4,130,-545
558,3,0,565,7
746,0,5,115,-631
695,0,2,890,195
917,0,6,108,-809
162,1,0,217,55
735,0,2,513,-222
380,0,1,242,-138
194,1,0,277,83
179,0,4,675,496
178,2,0,202,24
696,2,0,743,47
534,0,3,879,345
659,0,4,157,-502
27,0,3,421,394
609,1,0,667,58
821,0,5,211,-610
833,0,5,121,-712
426,0,2,715,289
471,0,1,328,-143
306,0,1,184,-122
289,1,0,362,73
302,0,1,158,-144
361,0,2,545,184
493,0,2,772,279
58,0,2,243,185
957,0,5,327,-630
990,0,3,682,-308
585,0,3,209,-376
307,0,2,563,256
544,0,3,173,-371
771,0,4,286,-485
90,0,6,969,879
669,0,2,855,186
427,0,1,312,-115
935,0,2,703,-232
807,2,0,775,-32
855,2,0,865,10
945,0,1,820,-125
642,1,0,551,-91
673,0,3,263,-410
823,0,2,529,-294
789,0,3,427,-362
273,0,2,121,-152
284,2,0,242,-42
110,0,6,937,827
225,0,6,998,773
481,0,3,113,-368
928,0,5,209,-719
298,0,3,601,303
2,0,1,139,137
263,0,5,960,697
436,0,2,649,213
288,0,5,890,602
959,0,5,269,-690
149,0,3,583,434
115,0,5,742,627
683,2,0,706,23
973,0,1,842,-131
843,0,1,727,-116
594,0,3,264,-330
166,0,2,399,233
33,0,5,743,710
125,0,6,949,824
912,0,4,423,-489
382,0,3,61,-321
281,0,2,532,251
372,0,5,974,602
88,0,2,290,202
37,0,3,443,406
339,0,4,881,542
109,2,0,80,-29
550,0,2,368,-182
908,0,5,162,-746
542,0,3,111,-431
188,2,0,202,14
23,3,0,32,9
209,0,3,526,317
215,2,0,263,48
537,0,1,646,109
145,0,5,788,643
624,2,0,641,17
748,0,5,24,-724
236,0,1,337,101
842,0,3,519,-323
83,0,1,218,135
552,0,3,136,-416
256,0,3,675,419
257,0,5,896,639
113,0,5,730,617
118,0,4,633,515
909,0,6,105,-804
308,3,0,305,-3
747,0,2,974,227
545,2,0,576,31
499,0,1,622,123
953,2,0,923,-30
101,0,6,873,772
421,2,0,448,27
176,1,0,234,58
94,0,5,794,700
367,0,2,519,152
468,1,0,531,63
806,3,0,801,-5
944,0,6,80,-864
743,2,0,710,-33
141,0,4,666,525
706,0,1,821,115
135,0,4,645,510
362,1,0,292,-70
291,0,2,493,202
735,0,3,309,-426
420,0,4,984,564
96,0,5,745,649
795,0,1,678,-117
309,0,3,654,345
406,0,1,537,131
421,0,2,669,248
432,0,2,221,-211
100,2,0,53,-47
909,0,6,89,-820
357,0,1,231,-126
497,2,0,543,46
44,0,2,270,226
334,0,3,635,301
429,0,3,79,-350
511,0,2,733,222
943,3,0,938,-5
702,0,3,401,-301
360,0,1,231,-129
207,1,0,287,80
21,0,7,939,918
162,0,1,306,144
818,0,4,235,-583
482,0,2,699,217
958,0,7,9,-949
644,0,3,294,-350
631,2,0,611,-20
464,0,4,917,453
137,0,5,857,720
616,1,0,556,-60
284,1,0,338,54
834,1,0,754,-80
710,0,4,245,-465
85,0,6,923,838
382,0,4,894,512
683,1,0,612,-71
200,0,3,534,334
119,0,3,548,429
932,1,0,872,-60
473,0,4,968,495
760,0,4,263,-497
323,1,0,239,-84
950,0,1,806,-144
941,2,0,896,-45
924,0,3,578,-346
197,0,2,465,268
505,0,2,788,283
571,0,1,703,132
998,0,3,601,-397
397,0,2,215,-182
398,0,2,197,-201
104,0,4,688,584
830,0,5,191,-639
341,2,0,329,-12
74,0,2,333,259
909,0,2,720,-189
507,0,2,252,-255
150,0,4,699,549
2,0,2,267,265
55,0,2,246,191
821,0,4,343,-478
604,1,0,531,-73
692,2,0,740,48
784,0,2,581,-203
255,0,2,475,220
961,0,4,391,-570
219,0,1,96,-123
313,0,4,813,500
810,2,0,783,-27
749,0,1,884,135
145,0,2,398,253
825,0,3,385,-440
676,2,0,657,-19
298,0,1,178,-120
895,0,3,519,-376
869,0,2,700,-169
29,3,0,29,0
320,0,2,599,279
404,0,3,850,446
437,0,3,107,-330
304,3,0,306,2
934,0,2,746,-188
744,2,0,759,15
638,0,4,52,-586
39,3,0,35,-4
780,0,4,270,-510
91,0,4,589,498
995,0,6,185,-810
176,1,0,235,59
400,0,3,90,-310
844,1,0,767,-77
955,0,3,543,-412
298,0,3,649,351
140,2,0,187,47
976,0,5,242,-734
505,0,3,155,-350
19,0,2,202,183
100,0,5,789,689
83,0,5,758,675
197,0,4,665,468
498,0,2,723,225
819,0,3,427,-392
853,0,5,136,-717
36,0,4,567,531
886,0,2,698,-188
760,0,4,298,-462
62,0,4,647,585
662,0,3,239,-423
953,0,6,146,-807
628,0,2,857,229
149,0,6,974,825
759,0,2,931,172
716,0,3,367,-349
111,2,0,122,11
266,0,2,105,-161
528,2,0,560,32
197,0,2,385,188
85,0,2,329,244
818,0,3,461,-357
694,0,3,306,-388
805,2,0,843,38
1,0,4,477,476
289,2,0,270,-19
717,0,2,923,206
728,2,0,745,17
784,0,1,920,136
664,0,5,19,-645
250,0,5,926,676
779,0,1,891,112
138,0,6,893,755
189,0,2,401,212
821,1,0,759,-62
833,1,0,884,51
634,0,2,800,166
495,2,0,519,24
591,0,1,725,134
573,0,2,400,-173
551,0,3,178,-373
597,0,2,353,-244
89,0,2,386,297
444,2,0,490,46
124,0,1,270,146
803,0,2,567,-236
557,0,2,295,-262
797,0,5,98,-699
813,1,0,752,-61
376,0,2,578,202
988,0,2,703,-285
83,0,3,436,353
355,1,0,435,80
96,0,4,690,594
887,0,3,488,-399
147,0,4,740,593
236,0,2,33,-203
681,0,4,166,-515
659,0,3,301,-358
109,0,3,513,404
905,0,6,47,-858
450,0,1,555,105
972,0,4,410,-562
43,0,2,251,208
818,0,6,56,-762
694,2,0,669,-25
854,0,6,76,-778
605,0,3,242,-363
848,0,1,715,-133
191,0,2,435,244
480,0,2,207,-273
90,0,6,954,864
531,0,3,98,-433
556,0,3,890,334
558,0,2,728,170
163,0,4,642,479
1000,0,5,316,-684
47,0,7,967,920
274,0,4,854,580
20,0,5,769,749
460,0,2,223,-237
421,1,0,362,-59
874,0,3,531,-343
617,0,3,933,316
843,0,3,419,-424
435,0,4,971,536
359,0,3,766,407
26,0,4,530,504
523,2,0,538,15
160,0,6,938,778
693,0,2,533,-160
250,2,0,275,25
49,0,4,569,520
799,0,6,40,-759
638,0,2,857,219
236,0,1,92,-144
996,0,5,350,-646
294,2,0,246,-48
374,1,0,461,87
792,0,1,688,-104
778,3,0,771,-7
662,0,2,475,-187
21,0,1,132,111
296,2,0,333,37
8,0,3,334,326
212,0,3,572,360
633,0,2,882,249
291,2,0,322,31
235,0,3,593,358
80,0,4,567,487
756,0,2,499,-257
945,0,2,651,-294
385,0,2,548,163
912,2,0,891,-21
443,1,0,500,57
742,0,2,582,-160
273,0,2,544,271
30,0,5,764,734
64,0,6,923,859
160,1,0,220,60
363,0,3,685,322
597,2,0,548,-49
209,0,2,23,-186
323,0,2,479,156
464,0,2,650,186
687,0,5,44,-643
211,0,2,375,164
556,1,0,469,-87
127,1,0,209,82
220,0,2,488,268
461,0,2,265,-196
517,0,3,889,372
166,0,4,684,518
868,0,3,540,-328
363,0,5,975,612
247,0,2,546,299
661,0,2,950,289
573,0,1,427,-146
666,0,2,910,244
183,0,6,943,760
801,0,2,968,167
474,0,2,186,-288
337,0,1,231,-106
323,0,2,83,-240
538,0,2,273,-265
110,0,3,458,348
939,0,3,493,-446
569,0,2,413,-156
797,0,2,541,-256
615,0,2,385,-230
536,0,3,924,388
640,0,2,456,-184
636,0,1,781,145
393,0,2,690,297
382,0,1,508,126
730,1,0,633,-97
213,1,0,117,-96
248,1,0,345,97
304,0,3,700,396
144,0,5,811,667
692,0,2,407,-285
980,0,4,385,-595
806,0,1,672,-134
235,0,2,71,-164
237,1,0,161,-76
615,0,4,43,-572
806,2,0,790,-16
821,0,3,505,-316
85,1,0,33,-52
689,0,4,171,-518
18,0,4,489,471
101,0,5,742,641
441,0,2,246,-195
370,2,0,353,-17
810,0,1,941,131
74,0,6,907,833
719,2,0,731,12
606,0,3,234,-372
791,0,3,432,-359
735,1,0,827,92
515,0,3,166,-349
975,0,6,187,-788
177,0,6,970,793
342,0,2,496,154
558,0,2,782,224
464,0,2,659,195
101,0,2,291,190
138,0,6,917,779
958,3,0,957,-1
816,0,2,611,-205
196,0,4,715,519
8,0,6,797,789
553,0,3,964,411
892,0,2,725,-167
706,0,4,241,-465
316,0,1,188,-128
267,0,3,708,441
512,0,3,172,-340
346,0,1,462,116
31,0,2,232,201
352,1,0,424,72
756,0,4,202,-554
360,0,3,6,-354
270,0,1,141,-129
727,0,4,233,-494
640,1,0,721,81
728,0,4,224,-504
800,0,3,438,-362
80,0,3,435,355
999,1,0,932,-67
398,0,2,645,247
269,0,3,711,442
469,0,4,984,515
723,0,2,891,168
134,0,5,738,604
78,0,4,529,451
159,0,4,649,490
938,0,4,348,-590
890,0,3,540,-350
971,0,3,558,-413
844,0,3,439,-405
483,0,3,65,-418
847,3,0,838,-9
684,0,5,78,-606
706,0,1,842,136
203,2,0,222,19
552,0,3,863,311
69,0,2,279,210
324,0,3,692,368
478,0,2,694,216
355,0,3,724,369
731,0,2,476,-255
366,0,3,775,409
214,0,3,612,398
943,0,6,164,-779
471,0,1,331,-140
932,0,4,458,-474
109,0,1,224,115
725,0,3,334,-391
86,2,0,125,39
792,0,1,931,139
53,0,4,514,461
27,0,7,930,903
310,0,5,921,611
904,2,0,875,-29
212,0,6,998,786
945,1,0,889,-56
436,0,2,238,-198
569,0,3,203,-366
703,0,5,48,-655
997,0,7,93,-904
610,1,0,696,86
116,0,2,300,184
946,0,2,753,-193
897,0,2,628,-269
748,2,0,781,33
376,0,2,622,246
693,0,2,527,-166
422,0,2,157,-265
488,3,0,493,5
941,0,3,594,-347
816,0,1,953,137
975,0,3,646,-329
781,0,3,411,-370
425,0,2,184,-241
828,0,4,307,-521
32,0,2,247,215
704,0,4,155,-549
744,0,2,530,-214
103,0,2,267,164
224,0,5,877,653
754,1,0,680,-74
616,2,0,632,16
804,0,0,904,100
715,0,1,850,135
522,0,2,252,-270
208,0,2,381,173
332,0,3,665,333
385,0,4,925,540
624,0,3,205,-419
551,0,2,797,246
583,2,0,568,-15
566,0,2,408,-158
364,0,2,589,225
286,0,2,496,210
729,0,2,576,-153
800,0,4,313,-487
471,0,3,810,339
204,0,5,833,629
396,0,3,730,334
913,0,3,528,-385
426,0,2,711,285
391,0,1,252,-139
27,0,4,588,561
728,0,5,125,-603
852,2,0,841,-11
686,0,2,963,277
675,0,2,851,176
860,0,3,468,-392
941,2,0,895,-46
960,0,3,525,-435
449,0,3,762,313
163,0,2,327,164
270,0,1,148,-122
331,0,4,837,506
802,0,5,116,-686
397,0,1,280,-117
209,1,0,136,-73
936,0,5,264,-672
302,0,2,82,-220
428,0,1,554,126
962,0,2,663,-299
137,1,0,204,67
437,1,0,510,73
680,0,4,205,-475
924,3,0,930,6
207,0,3,513,306
381,2,0,359,-22
980,0,6,183,-797
848,0,5,214,-634
248,0,2,502,254
461,0,3,792,331
394,0,4,973,579
974,0,5,241,-733
74,0,6,922,848
864,0,3,490,-374
560,0,1,428,-132
64,0,4,526,462
885,0,4,346,-539
699,0,2,486,-213
409,0,3,796,387
671,0,3,350,-321
170,0,4,662,492
598,0,4,39,-559
367,2,0,383,16
246,0,3,660,414
842,0,5,188,-654
135,0,5,778,643
962,1,0,892,-70
158,1,0,248,90
470,0,1,602,132
802,0,1,686,-116
157,0,1,52,-105
755,0,3,370,-385
994,0,6,122,-872
864,0,6,0,-864
542,0,2,323,-219
359,0,3,4,-355
776,0,2,595,-181
102,2,0,66,-36
494,0,3,52,-442
217,0,4,687,470
116,0,5,735,619
327,2,0,282,-45
77,0,6,879,802
973,0,5,252,-721
263,0,2,9,-254
458,1,0,371,-87
145,1,0,64,-81
482,0,4,985,503
78,0,4,634,556
638,0,4,185,-453
36,0,5,767,731
541,0,2,698,157
536,0,3,157,-379
935,2,0,947,12
547,2,0,568,21
197,0,6,967,770
389,0,2,586,197
116,2,0,156,40
971,0,6,86,-885
820,2,0,852,32
371,1,0,466,95
368,0,3,735,367
943,0,5,280,-663
686,0,2,979,293
775,0,3,473,-302
644,0,2,481,-163
683,0,2,944,261
919,0,4,461,-458
259,0,5,864,605
183,0,1,78,-105
322,0,3,723,401
794,0,2,638,-156
872,0,6,39,-833
924,0,4,417,-507
23,0,5,745,722
576,2,0,542,-34
505,0,3,199,-306
180,0,5,859,679
112,0,3,463,351
924,0,1,805,-119
196,0,4,765,569
20,0,6,801,781
551,0,3,192,-359
125,3,0,124,-1
6,0,5,697,691
436,0,3,873,437
82,0,6,879,797
211,2,0,169,-42
534,0,4,54,-480
107,0,4,618,511
961,0,2,722,-239
485,0,3,119,-366
774,0,5,48,-726
994,0,1,871,-123
704,0,4,118,-586
315,2,0,297,-18
324,0,1,456,132
275,0,3,687,412
77,0,5,784,707
940,2,0,973,33
964,0,1,832,-132
918,0,5,198,-720
649,1,0,701,52
813,0,4,362,-451
95,0,5,796,701
455,0,3,784,329
405,0,2,581,176
270,0,1,416,146
978,3,0,980,2
357,1,0,418,61
730,0,3,341,-389
143,0,2,382,239
180,0,2,375,195
801,0,6,29,-772
104,0,5,724,620
499,1,0,597,98
666,0,5,45,-621
386,2,0,399,13
292,0,5,924,632
669,0,2,511,-158
881,0,6,30,-851
28,0,3,414,386
607,0,1,719,112
820,0,2,525,-295
590,0,1,725,135
835,1,0,887,52
856,0,6,98,-758
271,2,0,300,29
232,0,2,34,-198
986,0,3,684,-302
863,0,1,991,128
1,0,5,696,695
672,0,2,518,-154
176,0,5,805,629
356,0,3,704,348
188,0,3,532,344
824,2,0,789,-35
793,0,5,90,-703
431,0,4,885,454
205,0,2,395,190
822,1,0,882,60
993,0,2,738,-255
900,0,3,552,-348
963,0,6,123,-840
502,0,3,928,426
720,0,3,301,-419
195,0,5,852,657
761,0,3,361,-400
873,0,3,453,-420
866,0,3,566,-300
87,0,5,817,730
685,0,4,126,-559
152,0,1,40,-112
69,0,4,578,509
7,0,6,855,848
515,0,3,954,439
511,0,2,786,275
535,0,3,178,-357
770,0,1,874,104
812,1,0,909,97
926,0,4,408,-518
834,0,3,472,-362
877,0,2,617,-260
194,0,3,569,375
152,0,5,886,734
828,1,0,750,-78
760,0,5,147,-613
337,0,1,232,-105
391,0,3,777,386
131,0,6,886,755
486,2,0,523,37
403,0,2,130,-273
51,0,6,889,838
851,0,5,117,-734
197,0,1,88,-109
250,2,0,204,-46
277,0,2,9,-268
665,2,0,646,-19
150,0,2,431,281
174,0,3,598,424
220,0,4,799,579
522,1,0,465,-57
675,0,3,360,-315
95,0,6,948,853
17,0,5,759,742
444,0,2,623,179
311,0,5,929,618
63,0,3,507,444
9,0,2,207,198
616,0,3,245,-371
476,2,0,438,-38
796,0,3,364,-432
469,0,3,855,386
423,0,3,796,373
426,0,4,948,522
362,0,3,714,352
412,0,2,237,-175
368,0,2,83,-285
407,0,2,181,-226
730,2,0,754,24
579,0,2,805,226
421,0,3,20,-401
372,0,2,139,-233
719,0,5,83,-636
376,0,2,189,-187
977,0,2,695,-282
928,0,1,793,-135
755,0,1,612,-143
192,0,2,409,217
47,0,5,673,626
255,1,0,180,-75
806,0,2,996,190
254,0,2,103,-151
389,2,0,400,11
990,0,3,690,-300
389,0,2,169,-220
414,0,1,291,-123
469,0,2,188,-281
895,0,2,687,-208
997,0,4,462,-535
721,0,2,913,192
728,0,1,587,-141
692,0,5,68,-624
469,2,0,454,-15
171,0,2,387,216
195,0,5,797,602
1000,0,1,875,-125
70,0,4,588,518
892,0,3,509,-383
538,0,1,422,-116
237,0,3,564,327
718,0,4,185,-533
518,0,3,930,412
729,0,2,464,-265
411,0,3,742,331
192,0,6,946,754
3,3,0,4,1
326,0,2,29,-297
559,0,2,311,-248
958,0,5,334,-624
580,1,0,634,54
414,0,3,66,-348
571,3,0,562,-9
577,0,2,315,-262
709,0,2,867,158
122,0,5,786,664
955,0,7,21,-934
169,0,3,519,350
709,0,2,425,-284
700,0,3,266,-434
574,1,0,478,-96
597,0,1,469,-128
928,0,1,811,-117
26,0,2,235,209
910,0,4,411,-499
955,0,3,655,-300
289,0,2,464,175
303,0,3,658,355
964,0,5,255,-709
8,0,5,677,669
672,0,3,236,-436
59,0,5,802,743
667,0,2,438,-229
951,0,6,141,-810
330,0,1,466,136
735,0,5,2,-733
887,0,4,304,-583
955,0,3,514,-441
602,1,0,669,67
42,0,6,912,870
907,2,0,873,-34
490,0,3,899,409
609,0,4,132,-477
341,0,2,558,217
444,0,3,866,422
400,0,3,826,426
774,0,1,630,-144
287,0,2,486,199
811,0,1,952,141
561,0,4,61,-500
581,0,1,453,-128
499,0,2,345,-154
743,0,1,876,133
74,0,3,464,390
49,0,1,160,111
448,0,1,552,104
637,1,0,700,63
465,0,3,896,431
325,0,3,15,-310
625,0,2,360,-265
503,0,3,813,310
318,0,4,898,580
763,0,1,660,-103
918,0,6,80,-838
505,1,0,599,94
882,0,6,117,-765
507,2,0,544,37
75,0,1,188,113
858,0,6,42,-816
769,0,5,152,-617
227,0,4,750,523
587,0,3,973,386
60,0,5,785,725
601,0,2,419,-182
415,0,1,545,130
437,0,4,968,531
999,0,4,402,-597
897,1,0,813,-84
606,1,0,702,96
377,0,1,493,116
98,0,3,461,363
998,0,4,486,-512
44,0,1,180,136
366,1,0,292,-74
170,0,5,805,635
366,0,3,693,327
943,1,0,886,-57
454,0,2,621,167
46,2,0,59,13
681,2,0,668,-13
199,0,4,753,554
586,0,4,126,-460
494,0,2,254,-240
272,0,3,648,376
949,0,2,774,-175
178,0,1,320,142
764,0,4,304,-460
689,0,4,196,-493
264,0,4,851,587
35,0,4,506,471
99,0,2,254,155
115,0,3,539,424
28,0,7,942,914
164,0,3,476,312
868,0,6,101,-767
583,0,3,957,374
398,0,4,959,561
139,0,6,971,832
189,1,0,273,84
512,0,3,149,-363
37,2,0,83,46
137,1,0,201,64
56,0,5,764,708
370,0,5,992,622
865,0,3,425,-440
74,0,2,246,172
930,3,0,933,3
373,0,2,184,-189
627,0,1,742,115
786,0,4,252,-534
480,0,2,285,-195
787,0,3,389,-398
438,0,3,828,390
80,0,3,513,433
83,1,0,174,91
551,0,2,306,-245
527,0,2,762,235
398,0,3,69,-329
649,0,3,327,-322
910,0,5,184,-726
721,0,4,255,-466
854,0,5,176,-678
229,0,5,950,721
569,0,2,844,275
376,1,0,287,-89
808,0,2,649,-159
910,0,2,652,-258
556,0,1,422,-134
763,0,3,418,-345
581,1,0,506,-75
181,1,0,131,-50
954,0,3,509,-445
30,1,0,83,53
849,2,0,872,23
731,0,2,934,203
25,0,7,935,910
843,0,1,959,116
644,0,2,888,244
974,0,7,42,-932
981,0,4,521,-460
285,0,2,538,253
711,0,4,168,-543
949,0,3,586,-363
378,0,2,538,160
458,0,4,998,540
930,0,6,84,-846
470,0,2,703,233
92,0,6,942,850
229,0,6,996,767
27,1,0,79,52
291,0,2,536,245
46,0,3,442,396
552,3,0,551,-1
160,0,5,875,715
655,0,2,951,296
663,2,0,620,-43
922,0,1,818,-104
919,0,4,457,-462
393,2,0,376,-17
487,2,0,450,-37
114,1,0,192,78
296,1,0,219,-77
726,0,4,144,-582
167,2,0,182,15
924,0,3,555,-369
317,0,4,786,469
14,0,3,374,360
405,0,3,740,335
920,0,4,389,-531
862,1,0,939,77
799,0,2,963,164
748,2,0,730,-18
249,0,3,565,316
605,0,3,229,-376
832,1,0,887,55
462,2,0,450,-12
445,0,2,615,170
769,0,3,400,-369
632,0,2,448,-184
805,0,3,361,-444
785,0,2,500,-285
700,0,3,395,-305
34,2,0,82,48
368,1,0,279,-89
50,1,0,111,61
344,1,0,425,81
498,1,0,417,-81
144,0,2,424,280
836,0,3,419,-417
441,0,2,253,-188
291,0,2,492,201
687,0,2,935,248
341,0,2,109,-232
389,0,3,6,-383
256,0,2,421,165
386,0,4,891,505
334,0,4,858,524
758,0,3,347,-411
227,0,2,68,-159
232,0,3,547,315
351,0,5,976,625
298,0,1,182,-116
350,0,2,193,-157
729,0,2,566,-163
842,0,5,237,-605
185,0,5,904,719
835,0,2,640,-195
501,0,2,311,-190
916,0,2,691,-225
89,0,5,756,667
940,0,4,426,-514
856,0,2,706,-150
492,0,4,963,471
679,0,4,210,-469
773,2,0,784,11
769,0,5,67,-702
124,0,6,945,821
618,0,2,809,191
875,0,2,581,-294
208,2,0,235,27
806,0,2,512,-294
509,0,3,148,-361
607,2,0,631,24
236,0,3,666,430
539,0,2,255,-284
14,0,4,564,550
102,0,5,753,651
227,0,2,516,289
647,0,2,476,-171
671,0,4,174,-497
652,0,4,112,-540
953,0,5,289,-664
67,0,5,801,734
68,0,2,295,227
313,0,5,979,666
419,0,4,908,489
835,2,0,869,34
569,2,0,554,-15
691,0,2,884,193
648,0,4,168,-480
852,2,0,815,-37
818,0,3,369,-449
490,0,1,347,-143
363,0,5,963,600
895,0,6,130,-765
388,0,3,2,-386
225,2,0,179,-46
892,0,1,996,104
911,1,0,826,-85
727,0,4,183,-544
991,0,3,651,-340
287,0,1,155,-132
289,0,5,944,655
156,0,1,52,-104
651,2,0,623,-28
351,0,4,935,584
372,0,3,748,376
350,0,2,623,273
305,2,0,329,24
513,0,1,659,146
586,0,3,146,-440
616,0,3,985,369
509,1,0,428,-81
320,2,0,359,39
639,0,2,434,-205
498,0,3,64,-434
419,0,1,539,120
681,0,3,265,-416
739,0,3,337,-402
431,0,3,773,342
459,0,2,669,210
965,2,0,944,-21
489,0,2,653,164
828,0,5,199,-629
240,0,2,510,270
351,0,2,119,-232
291,0,2,501,210
866,0,4,347,-519
373,0,3,738,365
989,1,0,890,-99
375,2,0,423,48
641,0,2,391,-250
17,0,5,731,714
193,0,5,937,744
626,0,1,479,-147
234,0,1,133,-101
229,0,2,46,-183
605,0,2,777,172
902,0,4,316,-586
255,0,4,832,577
522,0,2,266,-256
710,0,1,827,117
6,0,3,334,328
533,0,2,267,-266
185,0,5,856,671
484,0,2,291,-193
545,0,3,973,428
90,0,1,196,106
744,0,2,549,-195
897,1,0,842,-55
764,0,4,308,-456
862,0,3,522,-340
177,0,1,64,-113
446,1,0,541,95
131,0,2,350,219
792,0,2,570,-222
713,0,5,97,-616
302,2,0,265,-37
505,0,2,779,274
813,0,2,578,-235
470,0,3,87,-383
644,0,2,909,265
625,0,1,733,108
370,0,2,208,-162
551,0,2,290,-261
716,0,3,401,-315
452,0,3,777,325
415,0,4,963,548
350,2,0,377,27
252,0,2,413,161
229,0,2,444,215
471,1,0,402,-69
730,0,3,382,-348
654,0,5,34,-620
386,1,0,483,97
381,0,2,105,-276
713,0,5,112,-601
94,0,4,648,554
13,0,1,162,149
261,0,5,915,654
330,0,3,13,-317
983,0,4,484,-499
897,0,4,397,-500
422,2,0,443,21
501,1,0,555,54
549,0,2,796,247
915,0,5,304,-611
872,0,2,647,-225
170,0,5,910,740
511,0,2,708,197
912,0,1,799,-113
515,0,3,141,-374
59,0,5,727,668
323,0,3,624,301
125,0,6,900,775
872,0,6,47,-825
196,0,5,859,663
968,0,4,501,-467
671,0,4,124,-547
128,0,4,725,597
283,0,2,116,-167
283,0,1,400,117
440,0,3,851,411
668,0,1,550,-118
378,2,0,416,38
284,0,1,409,125
216,0,2,452,236
478,0,2,667,189
140,0,5,756,616
877,2,0,915,38
988,0,3,669,-319
680,0,5,59,-621
326,0,5,949,623
680,0,2,399,-281
586,0,4,57,-529
173,0,1,309,136
872,0,4,292,-580
991,0,4,392,-599
961,0,3,590,-371
918,0,4,349,-569
920,2,0,932,12
3,0,2,240,237
806,0,4,236,-570
538,2,0,511,-27
381,0,3,824,443
927,0,4,452,-475
685,0,5,6,-679
443,0,4,942,499
813,0,4,328,-485
58,0,6,918,860
517,0,3,124,-393
899,1,0,837,-62
421,0,4,879,458
239,0,2,524,285
112,0,6,947,835
136,0,2,326,190
867,0,5,181,-686
815,0,2,586,-229
107,0,3,528,421
245,0,5,877,632
290,0,1,152,-138
498,0,2,653,155
624,0,1,736,112
243,0,1,383,140
13,0,5,723,710
437,2,0,389,-48
694,2,0,647,-47
648,0,3,978,330
688,1,0,616,-72
490,0,1,634,144
620,0,3,945,325
297,2,0,249,-48
708,0,4,116,-592
388,0,4,886,498
609,0,1,465,-144
877,2,0,848,-29
422,0,2,143,-279
597,0,3,252,-345
247,2,0,274,27
32,0,6,874,842
584,0,4,9,-575
881,0,4,323,-558
837,0,6,58,-779
71,0,4,587,516
477,0,2,656,179
54,0,4,574,520
268,0,3,612,344
781,0,2,589,-192
882,0,6,128,-754
972,0,6,89,-883
966,0,2,729,-237
744,0,4,187,-557
410,0,2,174,-236
2,0,5,646,644
295,0,4,793,498
906,0,4,360,-546
351,0,2,128,-223
397,0,1,539,142
385,0,3,82,-303
885,0,1,773,-112
90,0,5,829,739
610,0,3,922,312
8,0,4,534,526
382,1,0,445,63
280,0,5,887,607
956,0,7,18,-938
485,0,1,591,106
897,0,4,417,-480
512,0,2,312,-200
31,1,0,105,74
722,0,2,920,198
997,0,4,451,-546
828,0,4,277,-551
604,2,0,629,25
620,0,2,843,223
25,0,5,702,677
5,0,7,992,987
46,2,0,87,41
538,0,1,416,-122
425,0,2,653,228
234,2,0,250,16
301,2,0,287,-14
500,1,0,447,-53
382,0,3,37,-345
757,0,3,452,-305
835,0,3,465,-370
240,0,2,78,-162
637,0,3,285,-352
455,0,2,719,264
398,1,0,299,-99
329,0,2,76,-253
501,0,2,717,216
692,0,2,530,-162
516,0,2,301,-215
619,0,3,240,-379
263,0,3,586,323
600,0,3,905,305
651,0,4,173,-478
401,0,1,254,-147
537,0,3,139,-398
425,0,2,708,283
93,0,6,859,766
166,0,5,831,665
195,0,5,798,603
189,0,3,616,427
887,0,1,996,109
382,0,3,17,-365
57,0,6,925,868
990,0,4,427,-563
20,2,0,36,16
936,0,3,547,-389
582,0,2,329,-253
640,0,3,970,330
225,0,4,774,549
205,0,3,638,433
877,0,6,93,-784
134,0,4,715,581
867,0,5,247,-620
898,0,5,256,-642
450,0,2,223,-227
659,0,4,63,-596
749,0,1,873,124
122,0,5,740,618
917,0,1,811,-106
501,0,3,57,-444
261,2,0,309,48
446,0,3,821,375
22,0,4,577,555
50,1,0,125,75
529,0,3,94,-435
625,0,2,428,-197
641,0,2,809,168
496,0,4,952,456
546,0,3,924,378
540,0,2,708,168
868,0,2,653,-215
266,0,5,946,680
915,0,3,494,-421
858,0,3,492,-366
198,0,6,948,750
898,0,5,252,-646
538,0,3,842,304
131,0,1,279,148
75,0,5,820,745
494,0,4,982,488
919,0,4,454,-465
133,0,3,463,330
54,0,3,500,446
190,0,5,916,726
438,0,2,596,158
120,0,1,234,114
887,0,1,990,103
960,0,4,500,-460
382,0,1,506,124
253,0,4,833,580
265,0,4,795,530
398,0,3,24,-374
174,0,4,676,502
180,0,5,913,733
231,0,2,433,202
465,0,4,1,-464
776,0,3,341,-435
920,0,5,193,-727
781,0,0,681,-100
334,0,4,892,558
768,0,1,639,-129
795,0,1,693,-102
235,0,4,808,573
236,2,0,274,38
174,0,2,332,158
64,0,2,361,297
638,0,4,154,-484
614,0,4,153,-461
450,0,1,303,-147
369,0,3,31,-338
660,0,4,159,-501
397,0,5,1000,603
225,0,1,111,-114
598,0,3,150,-448
964,0,2,786,-178
810,1,0,756,-54
233,0,2,484,251
518,2,0,545,27
612,0,2,875,263
556,0,1,434,-122
761,2,0,723,-38
975,0,3,584,-391
612,0,3,941,329
261,0,3,576,315
556,3,0,563,7
177,0,6,985,808
588,0,4,125,-463
210,2,0,170,-40
782,0,1,666,-116
779,1,0,869,90
795,1,0,729,-66
289,0,4,755,466
64,0,6,822,758
11,0,6,868,857
805,0,3,493,-312
86,0,4,580,494
198,2,0,150,-48
435,0,2,283,-152
87,0,3,394,307
145,0,6,971,826
407,0,3,711,304
152,0,1,10,-142
968,2,0,958,-10
9,0,6,885,876
534,0,2,688,154
859,0,4,278,-581
743,0,5,48,-695
93,0,2,254,161
759,1,0,661,-98
443,0,2,216,-227
742,2,0,706,-36
259,0,2,439,180
13,0,2,289,276
793,0,5,79,-714
944,0,2,788,-156
393,1,0,338,-55
526,1,0,438,-88
312,3,0,303,-9
448,0,2,605,157
407,0,2,660,253
536,0,2,250,-286
303,0,4,764,461
753,0,4,276,-477
18,0,5,636,618
582,0,3,976,394
842,2,0,804,-38
880,0,6,111,-769
199,0,4,724,525
411,1,0,470,59
818,0,2,578,-240
138,0,5,772,634
507,0,2,784,277
54,0,2,351,297
552,1,0,458,-94
410,1,0,473,63
210,0,2,40,-170
604,0,3,216,-388
148,2,0,110,-38
635,2,0,645,10
963,2,0,945,-18
711,0,5,1,-710
196,0,6,987,791
286,0,2,70,-216
887,0,2,687,-200
420,0,3,15,-405
791,1,0,706,-85
422,0,3,743,321
279,0,5,959,680
594,0,3,200,-394
358,0,2,557,199
707,0,5,37,-670
640,0,1,493,-147
348,0,4,810,462
516,1,0,464,-52
487,0,1,630,143
400,0,2,572,172
442,0,1,549,107
229,1,0,142,-87
821,0,2,572,-249
357,0,2,103,-254
490,0,4,10,-480
217,1,0,304,87
691,0,3,331,-360
364,0,2,660,296
107,0,3,426,319
603,0,4,153,-450
830,0,4,265,-565
5,0,4,521,516
579,2,0,625,46
763,0,5,87,-676
299,2,0,279,-20
115,0,6,904,789
122,1,0,216,94
539,0,2,287,-252
409,1,0,482,73
371,2,0,407,36
849,2,0,806,-43
529,0,2,719,190
696,0,1,559,-137
522,0,2,223,-299
135,0,3,500,365
522,2,0,493,-29
300,0,4,855,555
23,0,4,562,539
429,0,1,284,-145
90,0,3,488,398
948,0,2,715,-233
23,1,0,91,68
677,0,3,298,-379
327,0,5,961,634
870,0,1,731,-139
41,0,4,555,514
736,0,3,368,-368
202,0,5,884,682
822,0,2,972,150
764,0,5,78,-686
809,0,2,648,-161
254,1,0,334,80
105,0,2,354,249
575,0,4,21,-554
307,1,0,384,77
42,0,3,418,376
415,1,0,335,-80
103,0,3,428,325
221,0,4,671,450
145,0,2,340,195
87,0,3,389,302
125,0,3,511,386
714,0,5,74,-640
116,0,3,564,448
763,0,5,52,-711
757,0,3,434,-323
341,2,0,300,-41
835,0,1,950,115
326,0,2,494,168
477,0,3,111,-366
391,0,2,175,-216
477,3,0,480,3
242,0,5,954,712
942,0,4,409,-533
509,0,2,313,-196
940,0,4,458,-482
183,1,0,101,-82
193,0,4,746,553
394,1,0,304,-90
71,0,4,610,539
302,0,3,610,308
645,2,0,614,-31
311,0,4,855,544
41,2,0,19,-22
49,0,3,353,304
451,0,3,753,302
222,0,3,557,335
219,0,1,77,-142
185,0,4,657,472
585,0,3,910,325
92,0,3,396,304
917,0,6,159,-758
432,0,2,684,252
201,0,6,956,755
285,0,1,169,-116
375,0,1,487,112
177,0,3,514,337
463,0,2,755,292
403,0,4,947,544
811,2,0,801,-10
753,0,0,853,100
69,0,2,334,265
656,0,2,388,-268
914,0,5,314,-600
37,0,4,526,489
422,0,4,939,517
507,0,4,957,450
271,0,4,746,475
48,0,6,856,808
516,0,3,953,437
815,3,0,812,-3
55,0,3,489,434
329,0,4,792,463
15,0,5,633,618
463,0,4,927,464
169,2,0,201,32
976,0,1,830,-146
449,0,3,80,-369
821,1,0,917,96
64,0,3,503,439
657,0,1,768,111
729,0,5,120,-609
10,0,4,565,555
809,0,4,272,-537
139,2,0,152,13
729,1,0,827,98
828,0,4,284,-544
795,2,0,784,-11
860,0,4,350,-510
79,2,0,95,16
290,0,2,490,200
969,0,3,536,-433
738,0,5,95,-643
486,0,1,356,-130
401,0,2,586,185
754,1,0,834,80
399,0,2,665,266
647,0,4,192,-455
684,0,5,57,-627
563,0,3,965,402
281,1,0,229,-52
103,0,5,782,679
886,0,2,679,-207
854,0,3,409,-445
38,0,2,227,189
235,0,2,391,156
981,2,0,946,-35
336,0,3,756,420
93,0,4,634,541
9,0,6,899,890
347,0,4,839,492
777,0,3,383,-394
991,0,1,844,-147
295,0,2,64,-231
156,1,0,60,-96
825,0,4,327,-498
567,2,0,522,-45
117,0,6,897,780
309,2,0,265,-44
131,0,2,336,205
862,0,6,68,-794
945,0,2,650,-295
222,0,4,681,459
229,0,5,858,629
86,0,3,456,370
267,2,0,308,41
205,0,4,742,537
658,1,0,727,69
949,3,0,950,1
150,0,3,524,374
76,0,2,271,195
699,0,1,835,136
281,0,4,855,574
559,0,3,167,-392
814,0,2,616,-198
422,0,4,974,552
209,2,0,161,-48
578,0,2,813,235
525,0,2,231,-294
925,2,0,890,-35
450,0,4,965,515
302,0,2,578,276
914,0,6,137,-777
51,0,6,877,826
807,0,5,165,-642
794,0,3,369,-425
342,0,2,66,-276
668,0,1,537,-131
152,0,5,759,607
93,2,0,55,-38
551,0,4,94,-457
350,0,2,128,-222
909,2,0,933,24
636,1,0,538,-98
517,0,2,234,-283
824,2,0,798,-26
498,0,3,158,-340
78,0,5,821,743
857,0,2,640,-217
615,0,2,859,244
591,1,0,667,76
552,0,3,899,347
195,3,0,202,7
0,2,0,10,10
26,0,3,366,340
157,1,0,242,85
435,0,3,4,-431
530,0,1,415,-115
753,2,0,783,30
903,1,0,843,-60
561,0,3,167,-394
420,0,3,836,416
390,2,0,359,-31
989,0,5,382,-607
748,0,4,262,-486
709,0,2,498,-211
789,0,5,109,-680
671,0,4,161,-510
61,0,3,510,449
199,0,2,45,-154
597,0,2,312,-285
964,0,4,466,-498
981,0,5,252,-729
776,0,6,0,-776
341,0,2,553,212
813,0,5,86,-727
556,0,3,935,379
69,0,3,458,389
332,0,2,560,228
536,1,0,471,-65
492,0,3,873,381
436,0,2,185,-251
397,0,4,986,589
858,3,0,867,9
95,0,4,587,492
989,0,6,203,-786
244,1,0,157,-87
126,0,3,468,342
511,0,1,407,-104
309,1,0,217,-92
927,0,5,264,-663
227,0,3,607,380
279,0,3,660,381
670,0,2,423,-247
973,0,4,429,-544
751,0,5,30,-721
121,0,3,527,406
166,0,1,50,-116
20,0,3,429,409
435,0,3,837,402
30,0,2,204,174
62,0,5,709,647
386,0,3,17,-369
818,0,3,455,-363
574,0,3,232,-342
803,0,5,106,-697
602,0,2,337,-265
753,0,3,357,-396
701,0,1,806,105
84,0,5,825,741
887,0,5,160,-727
576,0,3,906,330
432,0,2,257,-175
979,0,7,40,-939
842,0,3,495,-347
950,0,6,175,-775
156,0,4,742,586
855,0,1,720,-135
512,0,4,9,-503
817,1,0,875,58
505,0,3,133,-372
789,0,2,987,198
369,0,3,760,391
129,0,5,736,607
466,0,2,248,-218
638,0,2,890,252
5,0,6,865,860
850,0,4,328,-522
91,0,4,592,501
606,0,3,908,302
611,0,2,361,-250
292,0,4,879,587
938,0,2,756,-182
153,0,2,374,221
517,0,4,983,466
658,0,5,40,-618
123,0,4,708,585
254,0,1,114,-140
697,0,2,529,-168
287,0,2,456,169
110,0,3,446,336
784,0,3,426,-358
375,0,2,556,181
35,0,3,417,382
789,0,2,984,195
532,0,1,652,120
193,2,0,178,-15
139,1,0,196,57
259,0,4,823,564
826,0,6,18,-808
218,0,2,495,277
666,0,3,972,306
246,0,4,696,450
128,0,6,898,770
426,0,4,891,465
204,0,1,84,-120
289,0,1,412,123
790,0,2,639,-151
542,0,4,28,-514
519,0,2,817,298
898,0,6,83,-815
508,1,0,457,-51
474,0,2,205,-269
647,0,2,348,-299
434,0,2,729,295
537,0,2,252,-285
911,0,4,359,-552
659,1,0,758,99
80,0,4,668,588
444,2,0,468,24
464,2,0,505,41
524,0,3,90,-434
801,0,4,295,-506
187,0,5,796,609
653,0,1,541,-112
809,0,4,323,-486
852,0,5,199,-653
110,2,0,99,-11
30,3,0,33,3
123,0,6,899,776
791,1,0,848,57
35,2,0,53,18
520,0,2,282,-238
864,0,2,631,-233
499,0,2,289,-210
422,0,4,906,484
778,0,5,59,-719
578,0,4,65,-513
537,0,3,943,406
98,1,0,0,-98
145,1,0,61,-84
688,0,4,121,-567
620,0,4,124,-496
564,0,2,831,267
222,0,4,767,545
919,0,3,479,-440
928,0,5,295,-633
830,0,5,103,-727
61,0,6,875,814
445,1,0,522,77
328,2,0,356,28
876,0,3,460,-416
572,0,4,50,-522
806,1,0,744,-62
116,0,2,284,168
40,0,4,635,595
493,2,0,539,46
747,0,5,130,-617
50,1,0,103,53
676,0,4,87,-589
150,0,5,798,648
415,0,3,775,360
419,2,0,464,45
999,0,4,513,-486
961,0,2,769,-192
137,0,4,604,467
248,0,2,498,250
588,0,3,924,336
155,0,3,589,434
280,0,4,820,540
193,0,6,984,791
698,0,4,243,-455
839,0,4,284,-555
365,0,2,593,228
582,0,3,142,-440
765,0,6,2,-763
603,0,1,462,-141
736,0,2,468,-268
998,0,4,464,-534
786,2,0,757,-29
196,0,6,951,755
15,0,2,303,288
976,0,3,572,-404
875,0,4,422,-453
425,0,3,27,-398
85,0,2,252,167
127,0,4,710,583
718,0,5,86,-632
621,0,3,250,-371
608,2,0,586,-22
855,0,3,500,-355
111,0,5,855,744
947,0,1,799,-148
420,0,2,185,-235
636,0,2,839,203
850,0,4,365,-485
107,0,6,981,874
606,1,0,700,94
886,0,6,116,-770
647,0,1,762,115
529,0,3,191,-338
77,1,0,143,66
515,1,0,416,-99
68,1,0,13,-55
789,2,0,772,-17
127,0,5,814,687
842,0,6,29,-813
396,0,2,228,-168
621,0,2,870,249
559,0,4,85,-474
21,0,4,472,451
971,0,2,799,-172
547,0,2,312,-235
296,0,3,717,421
779,0,4,307,-472
678,0,5,12,-666
597,1,0,525,-72
706,0,2,924,218
518,0,2,242,-276
208,0,4,781,573
432,0,3,838,406
63,0,2,342,279
991,0,5,339,-652
893,2,0,903,10
251,0,1,370,119
517,0,4,48,-469
260,0,5,913,653
512,0,3,204,-308
375,0,1,519,144
155,0,3,557,402
715,0,5,96,-619
784,0,4,334,-450
495,0,4,964,469
337,0,4,800,463
299,1,0,240,-59
493,0,2,243,-250
674,1,0,595,-79
585,0,3,199,-386
318,0,2,598,280
158,0,5,856,698
853,0,5,183,-670
630,0,4,54,-576
300,0,2,46,-254
836,1,0,773,-63
679,0,2,934,255
209,0,5,823,614
849,0,2,568,-281
366,0,1,498,132
911,0,2,675,-236
246,2,0,293,47
792,0,2,606,-186
308,0,2,556,248
66,0,5,692,626
678,0,4,115,-563
71,0,5,740,669
432,0,3,846,414
37,0,5,775,738
873,0,2,697,-176
167,0,6,952,785
821,0,5,101,-720
261,0,3,698,437
326,0,2,540,214
480,0,2,271,-209
76,0,6,879,803
939,0,6,116,-823
553,0,2,366,-187
250,0,2,532,282
744,0,5,64,-680
680,0,2,930,250
118,0,4,684,566
216,0,2,30,-186
796,0,6,4,-792
264,0,2,69,-195
846,0,1,986,140
131,1,0,64,-67
348,0,3,731,383
597,0,2,828,231
887,1,0,956,69
9,0,2,201,192
518,0,3,907,389
409,0,2,608,199
161,1,0,108,-53
601,0,4,17,-584
636,0,2,379,-257
32,0,5,756,724
679,0,4,184,-495
903,0,1,774,-129
374,3,0,381,7
450,0,2,692,242
573,0,2,288,-285
220,0,3,600,380
692,0,2,404,-288
137,0,5,858,721
954,0,6,171,-783
493,0,2,667,174
591,0,4,41,-550
966,0,1,845,-121
350,0,3,19,-331
594,0,2,354,-240
203,0,2,376,173
266,0,1,139,-127
516,0,2,691,175
229,0,1,111,-118
967,0,5,354,-613
20,0,5,705,685
947,0,2,707,-240
311,1,0,372,61
861,0,5,217,-644
820,0,4,318,-502
282,0,5,977,695
109,3,0,110,1
172,0,6,989,817
925,0,2,679,-246
288,0,4,808,520
604,0,3,930,326
777,0,3,459,-318
254,0,3,570,316
74,0,3,450,376
562,0,3,933,371
337,3,0,338,1
73,0,6,896,823
805,0,5,199,-606
114,3,0,120,6
373,0,2,614,241
715,0,4,237,-478
551,0,2,796,245
511,0,1,373,-138
511,0,3,77,-434
337,2,0,318,-19
893,0,4,404,-489
174,0,3,508,334
53,0,2,282,229
899,0,6,68,-831
985,0,1,884,-101
888,0,3,462,-426
583,0,2,330,-253
671,0,2,920,249
900,0,3,506,-394
693,1,0,611,-82
726,0,4,245,-481
50,1,0,119,69
995,0,4,421,-574
412,0,2,155,-257
893,0,4,383,-510
668,0,3,308,-360
122,2,0,92,-30
146,0,5,804,658
533,0,3,970,437
357,0,3,799,442
596,0,4,7,-589
369,0,3,746,377
408,0,1,284,-124
763,1,0,694,-69
263,1,0,340,77
433,0,3,73,-360
429,0,4,897,468
631,1,0,561,-70
449,2,0,492,43
954,0,5,345,-609
323,0,1,443,120
395,0,2,617,222
95,0,2,363,268
386,0,2,186,-200
788,1,0,709,-79
865,1,0,801,-64
813,0,5,193,-620
586,1,0,654,68
762,0,4,245,-517
370,0,4,920,550
342,0,4,833,491
192,0,2,347,155
857,0,5,151,-706
673,0,1,542,-131
104,0,2,401,297
503,1,0,414,-89
765,0,2,601,-164
658,0,3,358,-300
723,0,3,385,-338
233,0,1,360,127
494,0,3,896,402
330,0,1,226,-104
317,0,3,756,439
398,0,4,853,455
327,0,1,182,-145
568,1,0,505,-63
580,0,3,938,358
957,0,4,485,-472
58,0,3,471,413
659,0,2,929,270
374,0,3,784,410
24,0,2,242,218
890,0,3,509,-381
406,0,1,268,-138
64,0,2,239,175
147,0,6,910,763
732,0,5,72,-660
68,0,5,796,728
470,0,4,960,490
777,0,4,313,-464
627,0,2,783,156
460,1,0,529,69
340,0,2,516,176
201,2,0,155,-46
524,0,3,850,326
249,0,3,687,438
102,0,1,251,149
238,0,2,82,-156
954,0,3,636,-318
328,1,0,404,76
994,0,2,738,-256
0,0,4,571,571
139,1,0,236,97
368,0,4,913,545
351,0,4,856,505
769,0,4,253,-516
738,1,0,798,60
687,0,4,132,-555
395,0,4,979,584
817,0,4,223,-594
739,0,2,911,172
625,3,0,629,4
73,3,0,69,-4
90,0,4,636,546
291,0,2,459,168
396,0,4,859,463
599,0,2,750,151
593,0,1,704,111
931,2,0,908,-23
343,0,5,992,649
456,0,3,881,425
872,0,4,353,-519
232,0,4,693,461
32,1,0,122,90
954,0,4,370,-584
729,2,0,777,48
33,0,3,466,433
164,2,0,134,-30
185,0,1,292,107
601,0,2,802,201
660,0,3,248,-412
763,0,5,105,-658
399,0,2,662,263
697,0,3,372,-325
22,0,3,374,352
373,1,0,471,98
144,0,3,581,437
336,0,5,993,657
824,0,3,417,-407
516,0,3,100,-416
288,0,2,69,-219
244,2,0,203,-41
791,0,3,491,-300
770,0,2,583,-187
759,2,0,728,-31
909,0,4,412,-497
480,0,3,92,-388
459,0,2,299,-160
670,0,2,381,-289
970,0,6,188,-782
619,0,1,512,-107
582,0,2,325,-257
237,3,0,237,0
422,0,2,599,177
203,0,2,357,154
159,0,1,44,-115
876,0,4,308,-568
526,0,2,738,212
329,0,1,439,110
882,0,1,735,-147
30,0,6,914,884
95,1,0,171,76
312,0,2,87,-225
684,0,1,791,107
661,0,2,391,-270
138,0,5,776,638
564,2,0,589,25
487,0,4,986,499
679,0,5,50,-629
658,0,2,946,288
659,2,0,629,-30
105,2,0,90,-15
252,0,3,611,359
275,0,2,492,217
383,0,2,557,174
65,0,2,311,246
254,0,2,99,-155
797,0,1,925,128
97,0,4,671,574
502,2,0,513,11
453,2,0,496,43
947,0,5,334,-613
777,0,5,147,-630
144,0,2,397,253
820,0,2,524,-296
608,0,5,5,-603
735,0,5,84,-651
900,0,4,310,-590
561,0,1,413,-148
693,0,3,373,-320
268,0,5,979,711
491,0,3,901,410
226,0,4,690,464
41,0,2,253,212
119,0,3,478,359
839,0,5,225,-614
360,1,0,302,-58
246,0,3,670,424
625,0,4,58,-567
107,2,0,130,23
691,0,5,54,-637
634,0,3,945,311
189,0,6,991,802
98,1,0,162,64
106,2,0,129,23
961,0,1,857,-104
860,1,0,790,-70
514,0,3,67,-447
856,1,0,804,-52
321,2,0,297,-24
166,0,5,854,688
620,0,1,490,-130
250,0,1,106,-144
908,2,0,954,46
489,0,3,47,-442
792,0,2,522,-270
329,0,2,110,-219
711,0,2,513,-198
127,2,0,142,15
69,0,6,950,881
182,0,6,942,760
386,0,2,599,213
890,0,6,101,-789
53,0,5,660,607
158,0,4,755,597
996,0,3,662,-334
555,0,2,325,-230
444,2,0,460,16
339,0,4,838,499
290,0,1,437,147
537,2,0,552,15
595,0,4,57,-538
534,1,0,604,70
143,0,6,939,796
386,0,3,750,364
665,0,2,474,-191
276,0,2,3,-273
414,0,2,186,-228
188,0,4,760,572
845,2,0,810,-35
511,0,2,276,-235
989,0,3,608,-381
545,0,3,941,396
663,0,3,319,-344
669,0,4,134,-535
634,0,1,774,140
741,0,2,544,-197
41,0,1,187,146
550,0,4,100,-450
731,0,1,851,120
773,0,2,995,222
976,2,0,954,-22
667,0,2,902,235
883,0,3,481,-402
676,1,0,736,60
359,0,4,944,585
498,0,4,2,-496
977,0,3,571,-406
266,0,3,700,434
806,0,2,524,-282
930,0,3,488,-442
27,0,3,448,421
198,0,5,928,730
687,0,5,77,-610
932,0,4,458,-474
474,0,3,865,391
939,0,5,198,-741
679,0,3,242,-437
357,0,3,42,-315
276,0,1,135,-141
816,0,2,992,176
95,0,2,394,299
20,0,3,394,374
793,1,0,867,74
564,0,2,320,-244
597,0,4,55,-542
198,1,0,139,-59
366,1,0,280,-86
123,0,2,418,295
264,1,0,211,-53
580,2,0,616,36
790,0,3,466,-324
714,1,0,662,-52
554,0,2,395,-159
579,0,3,187,-392
384,0,2,147,-237
811,0,4,348,-463
667,0,4,173,-494
100,1,0,11,-89
886,0,3,575,-311
629,0,2,792,163
776,0,5,80,-696
300,0,2,509,209
666,0,2,880,214
259,0,3,703,444
636,0,3,269,-367
269,0,5,892,623
570,0,2,868,298
998,0,3,601,-397
652,2,0,686,34
501,1,0,600,99
865,0,1,1000,135
380,0,4,959,579
169,0,3,527,358
154,2,0,105,-49
620,0,2,408,-212
825,1,0,762,-63
117,0,5,772,655
759,1,0,839,80
975,0,6,77,-898
874,0,2,692,-182
427,1,0,487,60
914,0,2,639,-275
590,0,3,892,302
148,3,0,147,-1
645,0,2,837,192
634,1,0,564,-70
511,0,1,614,103
57,0,4,574,517
872,0,4,309,-563
61,0,4,545,484
14,0,4,578,564
400,1,0,315,-85
893,0,2,594,-299
1000,0,4,522,-478
26,0,2,314,288
55,0,4,519,464
703,0,2,456,-247
277,0,4,764,487
981,0,2,735,-246
598,0,3,930,332
433,0,2,230,-203
445,0,1,575,130
997,0,4,495,-502
575,0,1,459,-116
294,0,3,614,320
652,0,2,437,-215
615,0,2,458,-157
860,0,6,32,-828
456,0,2,736,280
407,0,3,10,-397
752,0,4,169,-583
851,0,5,168,-683
138,0,5,806,668
575,0,3,188,-387
544,0,2,319,-225
74,0,2,319,245
172,0,5,917,745
209,0,5,954,745
32,0,6,807,775
858,0,6,44,-814
79,0,5,803,724
244,1,0,334,90
680,0,2,977,297
377,0,3,1,-376
593,0,3,980,387
943,0,6,174,-769
184,0,3,533,349
95,0,3,493,398
458,0,2,683,225
886,0,2,629,-257
279,0,5,1000,721
367,0,3,42,-325
727,0,5,108,-619
577,0,3,145,-432
17,0,5,719,702
674,0,3,302,-372
928,0,4,359,-569
752,0,3,350,-402
732,0,2,527,-205
802,0,3,398,-404
120,0,5,834,714
426,2,0,407,-19
407,0,4,953,546
764,0,4,252,-512
565,0,2,387,-178
794,1,0,739,-55
175,0,5,869,694
92,0,1,240,148
893,0,5,174,-719
260,0,3,690,430
885,0,3,532,-353
696,1,0,757,61
484,0,3,182,-302
845,0,2,664,-181
586,0,1,437,-149
501,0,3,922,421
852,1,0,904,52
682,2,0,696,14
346,0,2,50,-296
680,3,0,688,8
350,0,3,690,340
264,0,1,148,-116
961,0,2,779,-182
489,1,0,569,80
555,2,0,576,21
940,0,5,267,-673
223,1,0,171,-52
795,0,3,465,-330
258,0,5,874,616
4,0,4,490,486
633,0,4,115,-518
314,2,0,340,26
935,0,3,512,-423
651,0,2,879,228
365,2,0,340,-25
630,0,2,339,-291
886,0,1,750,-136
115,0,6,969,854
479,0,3,122,-357
936,0,5,289,-647
945,0,3,527,-418
560,1,0,615,55
182,0,5,907,725
624,1,0,570,-54
442,0,3,773,331
623,0,1,756,133
517,0,3,894,377
830,0,1,681,-149
536,0,2,694,158
256,1,0,307,51
916,0,6,52,-864
670,0,1,558,-112
820,0,2,659,-161
594,0,2,758,164
66,0,2,273,207
722,0,4,215,-507
339,0,2,495,156
998,3,0,999,1
30,0,6,903,873
31,0,3,445,414
511,0,2,326,-185
341,1,0,262,-79
839,1,0,788,-51
819,1,0,759,-60
851,0,4,292,-559
783,0,3,366,-417
500,0,2,281,-219
376,0,2,82,-294
881,0,6,79,-802
840,2,0,817,-23
96,0,2,333,237
900,0,1,793,-107
448,0,2,731,283
82,0,2,296,214
553,0,2,300,-253
662,0,5,2,-660
291,0,4,741,450
912,0,6,116,-796
55,0,2,353,298
984,0,3,657,-327
637,0,1,754,117
702,1,0,778,76
541,0,3,133,-408
687,0,2,477,-210
339,0,2,489,150
633,0,3,983,350
446,0,2,179,-267
276,0,2,0,-276
804,0,5,94,-710
99,0,5,762,663
171,0,3,517,346
378,2,0,408,30
203,0,2,387,184
94,0,2,320,226
143,0,5,783,640
458,0,4,962,504
499,0,1,368,-131
854,1,0,941,87
368,0,3,731,363
247,2,0,293,46
370,0,3,687,317
441,0,2,233,-208
139,0,6,905,766
515,0,2,267,-248
984,0,2,764,-220
293,1,0,364,71
90,0,3,526,436
311,0,2,48,-263
700,0,2,963,263
338,0,1,234,-104
726,0,2,493,-233
547,0,4,89,-458
894,0,6,60,-834
786,0,2,572,-214
581,0,2,324,-257
615,0,4,56,-559
74,0,2,272,198
486,0,3,165,-321
663,0,4,195,-468
537,0,3,138,-399
437,0,2,593,156
809,1,0,753,-56
216,2,0,256,40
25,0,2,247,222
45,0,5,764,719
325,0,3,652,327
138,0,5,885,747
917,0,5,204,-713
635,0,3,994,359
132,0,4,665,533
228,1,0,138,-90
392,0,0,492,100
43,1,0,140,97
23,0,3,349,326
657,0,1,768,111
487,0,3,177,-310
705,0,3,337,-368
774,0,4,201,-573
623,2,0,655,32
474,0,3,875,401
588,1,0,519,-69
622,0,2,903,281
855,0,4,389,-466
203,0,3,629,426
950,0,7,50,-900
961,1,0,898,-63
764,0,5,65,-699
406,0,3,766,360
300,0,5,993,693
642,0,1,764,122
657,0,4,147,-510
4,0,2,282,278
621,0,1,485,-136
907,0,1,792,-115
232,0,3,595,363
566,1,0,633,67
702,0,5,73,-629
594,0,2,347,-247
520,0,2,728,208
179,0,1,53,-126
913,0,5,312,-601
814,0,2,541,-273
478,0,2,242,-236
680,0,2,424,-256
913,0,5,291,-622
63,0,4,657,594
730,2,0,694,-36
550,0,3,152,-398
126,0,1,25,-101
3,0,2,209,206
23,0,5,632,609
415,0,2,144,-271
111,1,0,27,-84
637,0,2,858,221
785,1,0,727,-58
976,0,5,235,-741
375,0,3,738,363
74,0,2,345,271
691,0,1,816,125
466,0,3,890,424
916,0,4,381,-535
43,0,4,515,472
808,0,3,499,-309
390,0,4,965,575
772,0,4,219,-553
534,0,1,664,130
378,0,2,552,174
910,0,2,743,-167
425,0,3,38,-387
398,0,2,571,173
832,0,5,153,-679
464,0,2,640,176
747,0,5,27,-720
779,0,3,413,-366
22,0,6,775,753
140,0,4,625,485
199,0,6,985,786
271,0,2,75,-196
33,0,6,863,830
602,0,3,186,-416
692,0,4,186,-506
571,0,3,218,-353
129,0,1,12,-117
798,0,4,341,-457
425,0,4,910,485
463,0,3,69,-394
332,0,1,469,137
362,0,3,739,377
913,0,3,469,-444
440,0,3,777,337
77,2,0,114,37
351,2,0,399,48
71,0,6,868,797
168,0,6,998,830
671,0,2,456,-215
125,0,3,531,406
332,0,4,931,599
649,2,0,665,16
536,0,2,709,173
776,0,2,565,-211
977,0,7,56,-921
831,0,2,992,161
810,3,0,815,5
87,1,0,3,-84
199,0,2,12,-187
662,0,1,811,149
675,0,4,111,-564
398,0,2,112,-286
846,0,4,374,-472
379,2,0,338,-41
344,2,0,366,22
221,0,1,115,-106
727,0,5,3,-724
51,1,0,121,70
247,0,2,516,269
784,0,2,514,-270
884,0,6,92,-792
949,0,3,540,-409
37,0,2,210,173
290,0,4,793,503
708,0,5,23,-685
625,0,3,222,-403
698,0,3,261,-437
384,0,2,148,-236
175,2,0,136,-39
82,0,3,414,332
442,0,2,287,-155
791,1,0,883,92
410,1,0,498,88
469,0,4,998,529
217,1,0,156,-61
53,0,6,883,830
214,0,2,449,235
329,0,4,913,584
326,1,0,257,-69
316,0,5,941,625
22,0,4,512,490
323,0,4,821,498
687,1,0,778,91
851,0,6,50,-801
138,0,6,965,827
838,0,5,119,-719
336,0,3,639,303
940,0,5,268,-672
597,1,0,498,-99
466,0,3,87,-379
54,0,3,358,304
759,0,5,152,-607
375,0,4,933,558
955,0,4,373,-582
525,0,3,98,-427
802,0,1,912,110
93,0,2,270,177
554,0,2,338,-216
282,0,3,613,331
450,0,3,882,432
673,0,3,356,-317
396,0,2,207,-189
658,1,0,729,71
396,0,2,664,268
263,0,1,139,-124
982,0,2,711,-271
820,3,0,815,-5
30,2,0,56,26
267,0,4,740,473
306,0,2,596,290
531,0,4,990,459
871,0,4,280,-591
405,1,0,496,91
859,0,3,450,-409
449,0,1,585,136
537,0,4,56,-481
75,0,1,224,149
250,0,4,842,592
275,0,3,664,389
415,0,3,78,-337
1000,0,4,461,-539
9,0,2,191,182
779,0,3,421,-358
725,0,3,317,-408
928,0,4,425,-503
873,1,0,924,51
35,0,6,887,852
676,0,2,844,168
792,1,0,705,-87
499,0,2,665,166
996,2,0,983,-13
462,0,2,662,200
227,0,5,916,689
794,0,4,301,-493
784,0,3,342,-442
280,2,0,318,38
870,0,6,84,-786
201,0,5,855,654
31,0,4,549,518
801,0,2,978,177
390,0,2,652,262
14,0,3,356,342
964,0,1,831,-133
642,0,2,456,-186
130,1,0,223,93
160,0,5,844,684
903,0,6,28,-875
230,2,0,200,-30
446,0,3,78,-368
169,2,0,152,-17
834,0,6,80,-754
94,0,2,345,251
667,0,4,135,-532
256,0,2,432,176
519,2,0,479,-40
546,0,4,67,-479
109,0,6,925,816
822,0,2,999,177
957,0,2,724,-233
159,0,4,755,596
376,0,3,1,-375
120,2,0,83,-37
325,0,5,983,658
528,0,3,861,333
436,0,2,204,-232
345,0,3,661,316
599,0,2,422,-177
368,0,2,202,-166
924,2,0,897,-27
343,0,2,155,-188
112,0,2,274,162
462,0,2,178,-284
195,0,1,344,149
687,0,3,247,-440
652,2,0,699,47
606,0,4,14,-592
504,0,1,394,-110
470,0,2,268,-202
800,0,5,62,-738
571,0,3,257,-314
41,0,5,649,608
529,0,2,327,-202
741,0,1,890,149
707,0,4,237,-470
526,0,3,85,-441
559,0,2,322,-237
660,0,4,122,-538
529,0,4,57,-472
366,0,3,696,330
895,0,1,788,-107
565,0,3,258,-307
381,0,2,184,-197
200,0,5,910,710
883,0,6,81,-802
653,0,1,549,-104
135,0,3,536,401
723,0,3,326,-397
723,0,3,338,-385
474,0,1,614,140
557,3,0,566,9
880,0,2,658,-222
514,0,3,136,-378
80,0,4,613,533
126,0,1,19,-107
138,0,5,864,726
89,0,4,597,508
87,0,2,359,272
227,0,2,62,-165
90,0,5,822,732
798,0,2,964,166
491,0,2,748,257
946,0,3,614,-332
468,0,1,583,115
117,0,4,655,538
494,0,3,883,389
588,1,0,666,78
976,0,7,1,-975
655,2,0,677,22
645,0,5,11,-634
807,0,4,326,-481
682,0,2,865,183
524,0,3,934,410
928,0,5,309,-619
903,0,3,534,-369
773,0,2,594,-179
164,3,0,168,4
995,0,2,802,-193
945,1,0,880,-65
82,0,4,548,466
828,0,4,342,-486
846,0,6,15,-831
930,3,0,936,6
806,0,5,104,-702
989,2,0,964,-25
15,0,3,344,329
581,0,2,740,159
179,0,2,29,-150
237,0,2,56,-181
849,2,0,818,-31
784,1,0,858,74
584,0,3,924,340
768,2,0,805,37
496,0,2,270,-226
422,0,2,584,162
78,0,2,285,207
342,0,3,644,302
522,1,0,427,-95
510,0,2,218,-292
111,0,5,764,653
683,0,3,340,-343
736,0,2,462,-274
750,2,0,797,47
450,0,2,248,-202
442,0,3,823,381
363,0,2,96,-267
117,0,4,702,585
717,1,0,641,-76
697,0,2,927,230
537,0,3,951,414
963,0,7,32,-931
642,0,2,353,-289
994,0,1,855,-139
455,0,4,926,471
289,0,2,28,-261
64,1,0,157,93
202,0,5,933,731
219,0,5,840,621
542,2,0,496,-46
535,0,2,296,-239
957,0,3,650,-307
259,0,2,77,-182
168,0,5,780,612
70,0,1,209,139
545,0,3,948,403
220,0,1,329,109
441,2,0,463,22
664,0,4,66,-598
543,3,0,534,-9
363,1,0,450,87
517,0,3,127,-390
166,0,6,922,756
763,0,5,154,-609
531,0,2,705,174
172,2,0,124,-48
448,0,3,871,423
790,0,6,14,-776
831,0,4,364,-467
459,0,2,649,190
475,2,0,500,25
660,0,1,778,118
718,0,2,430,-288
0,0,3,305,305
584,0,2,880,296
973,0,6,130,-843
815,0,5,183,-632
550,2,0,518,-32
92,0,2,324,232
788,2,0,809,21
379,0,3,806,427
729,0,3,330,-399
484,0,3,811,327
730,0,5,62,-668
157,2,0,146,-11
209,0,3,599,390
402,0,4,968,566
494,0,3,827,333
896,0,3,489,-407
143,0,5,889,746
471,0,3,773,302
558,0,2,338,-220
319,0,5,921,602
267,1,0,321,54
887,0,1,994,107
922,0,6,98,-824
769,0,3,469,-300
891,0,1,747,-144
254,1,0,182,-72
878,0,1,733,-145
556,1,0,483,-73
237,0,3,540,303
933,0,2,754,-179
989,0,5,336,-653
28,0,3,357,329
723,0,1,610,-113
880,0,2,624,-256
841,2,0,807,-34
272,0,5,956,684
393,0,3,753,360
391,0,4,934,543
172,0,4,711,539
29,0,2,306,277
203,2,0,179,-24
98,0,2,346,248
275,0,5,875,600
774,0,1,909,135
669,0,4,88,-581
786,1,0,858,72
577,1,0,527,-50
640,0,4,65,-575
249,0,4,740,491
108,0,1,243,135
254,0,2,59,-195
676,0,5,34,-642
47,0,6,921,874
325,0,3,687,362
73,0,3,394,321
463,1,0,413,-50
914,0,2,685,-229
830,0,2,569,-261
882,0,6,73,-809
817,0,5,129,-688
170,0,5,878,708
771,0,2,511,-260
379,0,4,880,501
427,0,3,836,409
364,1,0,438,74
463,0,2,169,-294
823,0,2,995,172
16,2,0,43,27
957,0,6,164,-793
698,0,1,805,107
915,0,4,392,-523
17,0,3,362,345
389,1,0,446,57
893,1,0,842,-51
787,0,2,625,-162
241,0,5,852,611
330,2,0,310,-20
972,3,0,972,0
942,0,2,773,-169
602,0,2,857,255
481,1,0,559,78
725,0,1,624,-101
177,0,3,484,307
915,2,0,959,44
558,0,4,97,-461
634,0,2,881,247
246,0,2,405,159
771,1,0,702,-69
914,0,6,146,-768
670,0,3,325,-345
355,0,3,699,344
723,0,2,933,210
587,0,3,182,-405
859,0,6,99,-760
588,0,3,898,310
503,0,1,381,-122
683,0,4,191,-492
193,0,5,908,715
115,0,4,586,471
170,0,6,952,782
748,0,4,234,-514
645,0,3,253,-392
854,1,0,925,71
565,0,2,279,-286
826,0,3,441,-385
530,1,0,471,-59
147,0,3,578,431
440,0,2,259,-181
636,0,2,420,-216
503,0,4,14,-489
954,0,3,605,-349
240,0,3,668,428
86,0,2,341,255
295,2,0,268,-27
179,2,0,143,-36
589,1,0,516,-73
768,2,0,758,-10
399,0,4,951,552
736,0,3,421,-315
21,0,6,873,852
764,0,5,126,-638
927,0,2,639,-288
953,0,6,197,-756
358,1,0,455,97
22,0,1,139,117
564,0,1,713,149
692,2,0,705,13
374,0,1,489,115
162,0,3,564,402
942,0,3,527,-415
766,2,0,792,26
845,2,0,818,-27
40,2,0,53,13
557,0,3,962,405
486,0,2,681,195
781,0,2,518,-263
233,0,3,645,412
534,2,0,554,20
474,0,3,76,-398
464,1,0,527,63
363,0,3,719,356
437,0,4,908,471
219,0,4,682,463
130,1,0,69,-61
825,0,4,268,-557
539,0,3,128,-411
162,2,0,151,-11
387,0,4,920,533
961,0,6,163,-798
18,0,6,861,843
197,0,6,982,785
255,0,1,395,140
602,0,3,204,-398
570,2,0,609,39
466,0,3,878,412
963,0,4,462,-501
481,1,0,565,84
484,0,1,363,-121
315,0,3,660,345
167,0,2,325,158
260,0,5,971,711
897,0,4,328,-569
875,0,2,582,-293
627,0,3,188,-439
608,0,2,852,244
917,0,5,191,-726
258,0,4,829,571
218,0,3,570,352
738,0,2,534,-204
365,0,3,736,371
117,0,4,691,574
532,0,2,741,209
244,2,0,261,17
780,0,6,30,-750
499,1,0,580,81
194,0,4,715,521
61,0,3,460,399
899,0,6,24,-875
775,0,6,13,-762
683,0,1,824,141
281,0,2,26,-255
76,0,5,783,707
838,0,5,230,-608
430,0,1,546,116
359,1,0,444,85
586,2,0,574,-12
248,2,0,262,14
374,0,3,690,316
976,0,5,374,-602
927,2,0,913,-14
597,0,3,993,396
499,0,1,362,-137
953,0,6,174,-779
600,0,2,883,283
32,0,3,418,386
788,1,0,874,86
337,0,2,532,195
776,2,0,804,28
101,0,2,316,215
924,0,4,473,-451
557,0,3,213,-344
269,2,0,248,-21
296,0,4,825,529
330,3,0,328,-2
906,0,6,90,-816
959,0,4,423,-536
262,2,0,241,-21
564,3,0,560,-4
21,0,2,295,274
337,0,3,737,400
914,0,4,328,-586
214,1,0,287,73
333,0,5,979,646
196,1,0,294,98
243,0,5,898,655
453,0,2,172,-281
38,0,3,390,352
658,0,2,870,212
425,0,1,288,-137
538,0,3,870,332
871,0,4,277,-594
186,0,2,440,254
605,3,0,611,6
974,0,2,791,-183
945,0,1,798,-147
439,1,0,515,76
227,3,0,224,-3
782,0,4,266,-516
216,0,3,602,386
718,2,0,708,-10
560,0,3,896,336
212,0,6,998,786
248,0,3,621,373
282,0,3,659,377
703,0,2,866,163
233,0,5,908,675
814,0,5,66,-748
749,0,5,45,-704
986,0,2,730,-256
516,0,3,202,-314
284,0,2,121,-163
99,0,2,345,246
285,0,2,13,-272
634,0,2,903,269
821,0,4,332,-489
135,0,1,274,139
935,0,1,793,-142
390,0,2,559,169
330,0,2,68,-262
161,0,1,306,145
521,2,0,502,-19
796,0,2,517,-279
250,0,3,554,304
548,0,3,208,-340
424,0,3,45,-379
366,2,0,404,38
830,0,1,727,-103
755,0,1,651,-104
386,0,3,34,-352
904,0,3,601,-303
664,0,2,844,180
176,0,5,876,700
650,0,3,968,318
866,0,2,628,-238
228,0,5,935,707
397,0,4,861,464
539,0,4,49,-490
558,0,4,96,-462
90,0,6,968,878
100,1,0,20,-80
709,0,2,432,-277
997,0,5,376,-621
22,0,5,695,673
666,0,1,814,148
118,0,4,572,454
690,0,4,160,-530
525,0,2,370,-155
56,0,2,333,277
288,0,2,16,-272
616,0,1,718,102
806,0,2,540,-266
664,0,4,104,-560
45,2,0,30,-15
96,1,0,171,75
79,0,7,979,900
3,0,2,164,161
580,0,4,14,-566
695,0,4,96,-599
803,2,0,758,-45
723,0,2,504,-219
884,2,0,900,16
973,0,6,198,-775
0,0,6,770,770
279,2,0,246,-33
759,0,4,214,-545
702,0,4,225,-477
936,0,4,392,-544
262,1,0,197,-65
428,0,4,961,533
897,0,3,469,-428
946,0,3,514,-432
773,0,5,45,-728
338,0,2,180,-158
158,0,6,939,781
780,0,3,454,-326
50,0,5,704,654
638,0,2,437,-201
67,0,6,856,789
628,0,1,502,-126
707,1,0,782,75
652,0,2,915,263
603,0,1,728,125
91,0,5,791,700
436,0,2,714,278
88,0,2,265,177
499,0,2,247,-252
606,2,0,648,42
473,0,3,807,334
317,2,0,302,-15
660,0,3,997,337
307,0,4,829,522
413,1,0,509,96
570,0,3,181,-389
153,0,3,570,417
64,0,7,992,928
923,0,3,499,-424
107,1,0,159,52
727,0,2,959,232
187,0,3,597,410
758,0,2,593,-165
210,1,0,265,55
470,2,0,430,-40
346,0,3,653,307
210,0,2,420,210
331,0,2,43,-288
680,0,3,251,-429
344,0,2,147,-197
572,0,4,5,-567
183,2,0,172,-11
183,0,6,983,800
78,0,5,691,613
867,0,2,669,-198
206,0,5,877,671
305,1,0,216,-89
852,0,5,224,-628
382,0,4,863,481
25,0,3,399,374
907,0,5,162,-745
954,2,0,931,-23
720,0,4,169,-551
135,0,4,655,520
452,0,2,697,245
290,0,4,811,521
486,0,3,167,-319
653,0,3,222,-431
14,0,2,229,215
208,0,5,817,609
964,0,3,535,-429
561,2,0,577,16
417,0,1,532,115
46,0,6,808,762
867,0,1,762,-105
151,2,0,113,-38
275,1,0,193,-82
631,1,0,723,92
865,0,3,509,-356
52,0,5,652,600
865,0,5,135,-730
476,0,1,599,123
572,0,3,170,-402
395,0,1,250,-145
335,0,4,864,529
315,0,2,119,-196
485,0,2,298,-187
697,0,3,330,-367
307,2,0,290,-17
459,0,3,17,-442
346,0,4,933,587
605,0,2,384,-221
112,0,2,324,212
106,0,2,277,171
61,0,4,643,582
340,0,2,578,238
614,0,1,505,-109
353,2,0,342,-11
323,1,0,250,-73
499,0,3,180,-319
127,0,6,996,869
842,2,0,861,19
480,0,2,196,-284
603,0,4,113,-490
757,0,5,22,-735
215,0,3,538,323
338,0,2,124,-214
538,2,0,512,-26
380,3,0,377,-3
637,0,2,407,-230
873,0,4,391,-482
814,0,1,943,129
407,0,2,163,-244
904,0,3,584,-320
455,0,3,76,-379
999,0,6,142,-857
919,0,6,89,-830
47,0,2,271,224
209,0,2,423,214
619,2,0,604,-15
465,0,4,916,451
784,0,4,192,-592
374,1,0,321,-53
416,0,4,914,498
246,0,3,646,400
640,0,2,489,-151
749,0,1,632,-117
11,0,6,882,871
446,0,3,781,335
7,0,4,490,483
725,0,1,595,-130
22,0,2,292,270
846,0,2,669,-177
747,0,4,184,-563
927,0,6,123,-804
948,3,0,955,7
684,2,0,703,19
646,0,2,486,-160
272,3,0,275,3
407,0,4,921,514
902,0,1,776,-126
427,2,0,461,34
534,0,4,72,-462
68,2,0,46,-22
554,0,2,379,-175
972,0,2,815,-157
323,3,0,319,-4
944,2,0,915,-29
970,0,7,44,-926
600,1,0,685,85
407,0,2,623,216
179,0,3,525,346
439,0,3,882,443
560,0,3,221,-339
972,0,5,265,-707
108,0,1,225,117
265,0,5,992,727
16,0,3,457,441
850,0,4,268,-582
168,0,2,427,259
831,0,3,469,-362
3,0,5,661,658
739,2,0,781,42
379,0,2,617,238
20,0,3,384,364
777,0,2,484,-293
85,0,1,214,129
720,0,3,294,-426
258,2,0,296,38
908,1,0,846,-62
792,1,0,869,77
956,2,0,993,37
615,0,3,915,300
948,0,2,730,-218
29,0,4,611,582
883,0,6,64,-819
8,0,3,445,437
752,0,2,929,177
654,0,3,335,-319
222,0,3,669,447
494,0,3,877,383
212,0,3,525,313
419,0,3,34,-385
903,0,1,756,-147
292,0,2,34,-258
892,3,0,901,9
778,0,3,364,-414
912,0,4,327,-585
525,2,0,487,-38
666,0,3,264,-402
365,0,4,896,531
612,0,2,836,224
85,0,4,590,505
668,0,4,104,-564
481,1,0,551,70
189,0,2,384,195
396,0,3,3,-393
692,0,2,909,217
352,0,3,752,400
279,0,3,628,349
0,0,6,879,879
176,0,2,424,248
500,1,0,571,71
782,0,4,262,-520
789,0,3,391,-398
440,2,0,416,-24
453,0,3,150,-303
242,0,4,712,470
699,0,2,427,-272
887,0,5,244,-643
141,0,5,840,699
132,0,3,445,313
578,1,0,663,85
819,0,5,186,-633
122,0,2,384,262
246,0,2,519,273
119,3,0,127,8
802,0,4,228,-574
623,1,0,530,-93
102,2,0,91,-11
206,0,1,78,-128
974,1,0,892,-82
494,0,3,864,370
532,1,0,450,-82
645,1,0,549,-96
507,0,3,192,-315
592,0,3,182,-410
299,0,4,805,506
764,0,2,556,-208
198,0,5,864,666
255,0,2,472,217
973,0,4,388,-585
285,0,1,420,135
919,0,5,252,-667
696,0,3,370,-326
797,0,4,227,-570
230,0,3,541,311
878,0,2,636,-242
309,0,2,485,176
892,0,5,165,-727
308,0,5,948,640
891,1,0,955,64
573,0,3,926,353
827,2,0,846,19
941,2,0,984,43
707,0,2,894,187
174,2,0,126,-48
473,1,0,540,67
420,1,0,472,52
254,0,2,471,217
338,0,4,889,551
662,0,2,462,-200
584,0,2,304,-280
573,0,2,279,-294
73,0,4,662,589
328,1,0,391,63
540,0,3,854,314
855,0,4,405,-450
778,2,0,822,44
515,0,2,765,250
684,0,3,322,-362
279,0,2,38,-241
538,2,0,566,28
145,0,4,707,562
675,0,2,429,-246
256,0,4,813,557
331,0,3,778,447
982,0,5,361,-621
93,2,0,67,-26
467,0,4,981,514
115,2,0,127,12
853,0,4,305,-548
972,0,7,16,-956
474,0,3,917,443
688,0,4,202,-486
12,0,4,584,572
243,0,2,483,240
743,2,0,700,-43
933,0,2,638,-295
390,0,4,944,554
778,0,2,537,-241
40,0,4,556,516
248,0,2,445,197
749,0,1,602,-147
826,0,5,194,-632
995,0,4,403,-592
434,0,4,896,462
559,0,2,364,-195
483,0,1,628,145
161,0,3,503,342
222,0,3,618,396
633,0,3,233,-400
808,0,6,4,-804
40,0,5,763,723
830,0,2,569,-261
408,0,2,645,237
470,0,2,295,-175
746,0,4,259,-487
796,0,3,403,-393
590,0,3,211,-379
414,0,2,572,158
901,0,2,632,-269
330,0,4,809,479
532,0,1,635,103
428,0,2,165,-263
315,0,5,931,616
147,2,0,162,15
913,0,4,452,-461
628,2,0,643,15
555,0,3,894,339
451,2,0,495,44
371,0,1,492,121
45,0,5,764,719
198,1,0,107,-91
988,0,3,644,-344
710,0,2,439,-271
831,0,1,962,131
919,0,6,165,-754
288,0,2,550,262
23,0,4,516,493
442,0,2,674,232
635,0,2,900,265
378,2,0,342,-36
110,0,6,946,836
798,0,1,697,-101
827,2,0,791,-36
851,0,1,971,120
142,0,1,248,106
708,0,4,117,-591
84,0,3,493,409
99,0,2,342,243
28,0,6,926,898
100,0,3,506,406
135,2,0,116,-19
731,0,2,527,-204
650,0,3,984,334
985,0,1,865,-120
778,0,5,129,-649
254,0,3,603,349
569,0,1,440,-129
306,1,0,384,78
299,0,1,416,117
500,0,2,213,-287
530,2,0,571,41
852,0,2,622,-230
519,0,3,196,-323
339,1,0,280,-59
349,0,2,157,-192
789,0,3,456,-333
690,0,4,125,-565
662,0,4,124,-538
965,0,2,800,-165
94,0,5,829,735
982,0,5,301,-681
63,0,6,937,874
364,2,0,382,18
580,0,2,783,203
802,0,3,388,-414
550,0,3,238,-312
73,0,3,481,408
160,2,0,114,-46
185,0,3,610,425
462,0,3,847,385
375,0,2,539,164
849,0,2,627,-222
228,0,4,679,451
64,1,0,130,66
34,0,5,672,638
133,0,3,477,344
681,0,2,938,257
667,0,2,496,-171
569,0,4,99,-470
496,2,0,529,33
351,0,2,638,287
153,2,0,193,40
348,0,4,826,478
667,0,2,886,219
330,1,0,234,-96
712,0,5,54,-658
374,0,2,525,151
918,0,5,281,-637
567,0,1,694,127
40,0,4,597,557
237,0,3,640,403
998,0,4,411,-587
363,0,2,660,297
432,0,3,9,-423
500,1,0,556,56
37,0,5,765,728
32,0,5,735,703
392,0,4,942,550
463,0,3,872,409
355,0,2,148,-207
915,0,3,511,-404
874,0,1,770,-104
270,0,1,134,-136
748,0,2,463,-285
994,1,0,895,-99
344,0,3,754,410
418,2,0,448,30
534,3,0,534,0
989,1,0,920,-69
177,0,5,866,689
377,0,2,667,290
863,2,0,893,30
506,0,2,324,-182
702,0,2,978,276
356,0,5,1000,644
108,0,5,807,699
293,2,0,249,-44
765,0,1,870,105
968,0,5,245,-723
931,0,7,3,-928
92,0,6,943,851
195,0,1,328,133
490,0,3,73,-417
782,0,2,565,-217
22,0,2,205,183
894,0,2,724,-170
936,0,4,442,-494
456,0,4,4,-452
643,0,2,452,-191
43,0,4,601,558
174,0,1,314,140
646,0,1,779,133
793,0,2,964,171
775,0,3,415,-360
501,0,2,242,-259
245,2,0,228,-17
63,0,2,256,193
393,0,3,46,-347
539,0,3,896,357
244,0,2,533,289
222,0,2,415,193
107,1,0,189,82
1,0,7,922,921
391,0,3,816,425
847,0,3,494,-353
397,0,3,2,-395
977,0,2,781,-196
719,0,2,456,-263
112,0,5,838,726
898,0,4,437,-461
866,0,2,657,-209
698,0,2,870,172
682,0,5,11,-671
800,0,4,314,-486
610,0,4,107,-503
880,0,5,210,-670
868,1,0,934,66
152,0,5,789,637
565,0,3,240,-325
224,0,4,739,515
186,1,0,239,53
747,0,3,435,-312
802,0,6,24,-778
950,0,6,75,-875
379,0,1,237,-142
468,1,0,544,76
301,0,2,462,161
529,0,2,764,235
931,0,4,363,-568
39,0,1,171,132
144,0,4,648,504
507,0,2,254,-253
655,0,5,10,-645
356,3,0,361,5
205,0,5,896,691
187,0,1,67,-120
855,0,4,282,-573
156,0,2,360,204
117,0,4,654,537
598,0,3,282,-316
800,0,5,94,-706
694,0,2,949,255
224,0,1,87,-137
954,0,5,276,-678
908,2,0,860,-48
998,0,6,113,-885
511,2,0,558,47
399,0,2,103,-296
495,0,4,964,469
617,0,4,57,-560
179,0,2,473,294
914,0,5,253,-661
115,0,5,757,642
73,0,4,634,561
155,0,4,677,522
205,0,2,490,285
994,0,7,71,-923
892,0,6,67,-825
783,2,0,741,-42
631,0,2,920,289
382,0,4,839,457
755,0,2,968,213
498,0,2,348,-150
284,0,2,134,-150
453,0,4,971,518
47,0,4,618,571
862,0,4,406,-456
108,0,1,2,-106
334,0,5,976,642
619,0,2,446,-173
455,3,0,449,-6
795,2,0,827,32
627,3,0,626,-1
709,0,2,889,180
996,0,6,230,-766
606,0,2,408,-198
830,0,2,575,-255
106,0,6,941,835
409,2,0,388,-21
158,0,5,805,647
103,0,2,288,185
803,0,1,682,-121
661,1,0,718,57
705,0,2,912,207
706,0,3,403,-303
265,0,2,6,-259
953,0,2,774,-179
411,0,2,628,217
178,0,2,336,158
287,0,3,722,435
447,0,3,11,-436
370,0,3,734,364
424,0,4,952,528
390,0,3,69,-321
895,0,6,85,-810
198,0,5,882,684
7,3,0,8,1
751,0,2,580,-171
179,0,1,307,128
817,0,2,624,-193
579,0,3,238,-341
391,0,3,700,309
267,0,2,25,-242
938,3,0,945,7
503,0,2,286,-217
887,1,0,833,-54
88,0,5,818,730
280,2,0,269,-11
925,0,2,770,-155
527,2,0,558,31
461,0,3,112,-349
18,0,4,505,487
738,0,1,623,-115
946,0,5,209,-737
212,2,0,229,17
215,0,4,676,461
309,0,4,765,456
572,2,0,552,-20
272,0,2,557,285
303,0,3,731,428
287,1,0,218,-69
910,1,0,840,-70
742,0,4,209,-533
939,0,4,357,-582
200,0,6,951,751
543,0,4,88,-455
671,0,2,846,175
878,0,2,727,-151
407,0,3,9,-398
13,0,6,799,786
28,0,3,343,315
948,0,2,679,-269
618,0,3,982,364
558,0,2,279,-279
728,3,0,724,-4
451,0,2,226,-225
800,0,4,317,-483
715,2,0,751,36
692,0,1,562,-130
794,0,4,306,-488
280,0,4,805,525
240,0,2,442,202
256,0,1,378,122
366,1,0,274,-92
254,0,3,618,364
845,2,0,875,30
295,0,1,185,-110
66,0,6,899,833
479,0,3,152,-327
838,2,0,885,47
947,0,5,247,-700
338,2,0,291,-47
226,0,3,660,434
769,0,2,970,201
422,2,0,395,-27
683,0,2,482,-201
331,0,2,499,168
18,0,2,211,193
983,2,0,967,-16
164,1,0,259,95
315,0,4,896,581
628,0,2,369,-259
377,0,2,639,262
39,0,4,511,472
869,0,2,682,-187
540,2,0,501,-39
717,1,0,791,74
901,2,0,889,-12
657,0,3,318,-339
139,0,3,567,428
276,0,3,627,351
742,0,1,614,-128
437,0,4,934,497
879,0,3,455,-424
504,0,2,679,175
773,0,5,35,-738
46,0,5,712,666
566,0,3,878,312
602,0,4,128,-474
755,1,0,686,-69
784,2,0,763,-21
629,0,1,738,109
807,1,0,891,84
670,2,0,654,-16
159,0,4,701,542
399,0,1,524,125
703,0,4,187,-516
394,0,1,246,-148
210,0,5,831,621
763,0,5,36,-727
159,0,1,268,109
33,0,2,205,172
629,2,0,580,-49
816,0,2,537,-279
336,0,4,876,540
740,0,4,161,-579
862,0,1,735,-127
998,0,7,49,-949
665,0,3,244,-421
780,0,5,134,-646
656,2,0,699,43
311,0,4,805,494
179,2,0,197,18
471,0,3,25,-446
954,1,0,857,-97
660,0,1,781,121
909,0,1,777,-132
938,0,3,539,-399
453,0,4,917,464
358,0,1,470,112
296,0,2,89,-207
425,0,2,212,-213
16,0,1,136,120
46,0,6,840,794
813,1,0,865,52
232,1,0,178,-54
427,1,0,369,-58
13,0,4,524,511
407,0,3,731,324
459,0,3,804,345
258,0,2,517,259
697,0,5,87,-610
208,0,4,706,498
648,2,0,684,36
560,0,2,347,-213
29,0,2,310,281
718,0,2,495,-223
681,0,2,444,-237
488,0,2,738,250
395,0,4,920,525
538,0,1,419,-119
21,0,4,491,470
156,0,4,716,560
344,1,0,439,95
963,1,0,894,-69
175,0,4,655,480
152,0,1,37,-115
331,0,3,661,330
421,0,4,902,481
856,0,1,961,105
512,0,2,283,-229
151,0,5,828,677
15,0,2,210,195
683,2,0,636,-47
274,0,2,109,-165
568,0,2,764,196
186,3,0,182,-4
3,2,0,20,17
196,0,4,690,494
502,0,2,263,-239
947,0,5,266,-681
798,0,6,22,-776
573,0,3,159,-414
591,0,2,851,260
662,0,3,318,-344
335,1,0,238,-97
820,0,1,953,133
36,0,5,677,641
489,0,1,634,145
225,1,0,293,68
131,0,4,719,588
50,0,5,754,704
552,0,3,108,-444
724,0,3,417,-307
604,0,2,371,-233
937,0,2,753,-184
656,0,5,26,-630
888,0,5,211,-677
779,0,4,263,-516
420,0,4,922,502
999,0,6,129,-870
707,0,4,140,-567
814,2,0,799,-15
790,0,4,278,-512
369,0,2,647,278
532,0,2,271,-261
798,0,5,114,-684
320,0,1,206,-114
995,0,2,822,-173
206,0,3,507,301
682,0,4,113,-569
193,0,3,577,384
638,0,3,997,359
935,0,6,39,-896
818,0,5,209,-609
708,0,5,105,-603
561,0,2,837,276
21,0,3,356,335
115,0,6,987,872
935,0,5,299,-636
864,0,1,715,-149
161,0,3,471,310
23,0,5,663,640
423,0,4,959,536
287,0,2,528,241
612,0,3,272,-340
528,0,1,658,130
315,1,0,384,69
318,0,5,952,634
647,0,3,261,-386
276,0,4,837,561
881,2,0,860,-21
381,1,0,444,63
641,0,4,119,-522
132,0,3,497,365
429,0,3,54,-375
185,0,5,866,681
464,0,2,617,153
806,0,2,650,-156
44,0,1,152,108
843,1,0,899,56
911,0,4,412,-499
420,1,0,323,-97
1,0,2,223,222
444,0,2,285,-159
129,2,0,152,23
721,2,0,738,17
713,3,0,721,8
638,0,3,279,-359
195,0,4,740,545
352,2,0,327,-25
310,0,2,560,250
217,0,2,479,262
165,1,0,255,90
342,2,0,299,-43
786,0,4,296,-490
138,2,0,122,-16
102,1,0,52,-50
923,0,6,147,-776
985,0,2,762,-223
983,0,2,827,-156
145,0,1,28,-117
265,0,5,988,723
274,0,3,701,427
767,1,0,705,-62
841,2,0,880,39
340,0,1,465,125
472,0,2,272,-200
764,1,0,833,69
334,1,0,417,83
948,0,6,182,-766
346,0,4,935,589
945,0,2,720,-225
516,2,0,494,-22
830,0,6,9,-821
323,0,1,211,-112
20,0,6,900,880
820,0,6,61,-759
274,1,0,333,59
513,0,4,49,-464
893,0,4,373,-520
482,1,0,576,94
948,1,0,863,-85
843,0,4,331,-512
818,2,0,796,-22
381,1,0,436,55
371,0,3,774,403
5,0,6,904,899
839,0,5,123,-716
170,0,2,407,237
988,0,5,240,-748
930,0,4,477,-453
520,0,4,36,-484
380,0,2,666,286
195,0,4,781,586
491,0,2,692,201
406,2,0,361,-45
48,0,4,610,562
657,0,4,123,-534
872,0,2,668,-204
928,0,6,153,-775
898,0,6,8,-890
6,0,6,893,887
276,0,1,405,129
708,0,2,880,172
821,2,0,788,-33
524,0,3,893,369
34,0,1,150,116
324,0,5,941,617
293,0,2,463,170
489,2,0,465,-24
453,0,4,996,543
59,0,5,750,691
13,0,6,862,849
54,0,5,687,633
621,0,2,413,-208
418,0,3,16,-402
113,0,6,863,750
215,0,2,10,-205
883,0,3,554,-329
312,0,2,573,261
617,2,0,633,16
284,2,0,300,16
252,0,3,557,305
321,0,3,691,370
401,0,3,734,333
689,1,0,613,-76
80,2,0,122,42
922,0,3,582,-340
802,1,0,891,89
131,0,3,562,431
560,1,0,479,-81
446,1,0,541,95
83,0,6,891,808
418,0,4,916,498
878,0,3,465,-413
680,0,5,41,-639
569,0,4,108,-461
995,0,6,220,-775
132,0,3,435,303
437,0,1,303,-134
250,0,4,794,544
244,0,2,531,287
888,1,0,832,-56
521,0,4,62,-459
904,0,6,97,-807
92,0,6,879,787
426,0,3,856,430
196,2,0,181,-15
424,0,3,730,306
871,0,6,77,-794
397,0,4,931,534
519,2,0,551,32
741,3,0,739,-2
421,1,0,370,-51
689,0,2,452,-237
233,1,0,312,79
672,0,2,437,-235
93,0,5,785,692
944,0,6,112,-832
308,0,5,940,632
80,0,4,592,512
964,0,2,767,-197
626,2,0,663,37
615,0,3,235,-380
648,2,0,626,-22
915,2,0,888,-27
948,0,5,315,-633
499,0,3,170,-329
751,0,1,887,136
73,0,3,469,396
115,0,3,485,370
930,0,4,347,-583
380,0,3,716,336
867,0,2,671,-196
833,0,5,169,-664
405,0,3,28,-377
703,0,5,29,-674
571,0,2,363,-208
899,0,6,135,-764
850,0,5,190,-660
400,1,0,496,96
304,2,0,279,-25
621,0,1,507,-114
628,1,0,703,75
202,0,4,747,545
663,0,3,340,-323
627,0,3,197,-430
644,2,0,673,29
155,0,5,792,637
410,1,0,317,-93
624,0,2,371,-253
52,0,6,884,832
264,2,0,274,10
268,0,2,561,293
29,0,5,632,603
188,0,5,907,719
966,0,4,481,-485
320,2,0,287,-33
175,2,0,216,41
325,1,0,263,-62
496,0,2,761,265
449,2,0,466,17
706,0,3,405,-301
866,0,2,584,-282
81,0,4,633,552
565,0,3,175,-390
749,0,2,519,-230
19,2,0,30,11
920,2,0,873,-47
843,0,6,44,-799
984,0,4,440,-544
338,0,3,669,331
439,0,2,683,244
395,0,1,532,137
226,0,2,16,-210
53,0,6,876,823
765,0,4,207,-558
469,3,0,475,6
66,0,3,513,447
124,0,6,875,751
209,0,2,448,239
897,2,0,923,26
372,0,2,662,290
982,0,6,227,-755
693,0,3,334,-359
456,2,0,414,-42
334,1,0,266,-68
817,0,3,437,-380
306,0,5,959,653
523,0,3,197,-326
716,0,2,906,190
342,1,0,405,63
984,0,7,52,-932
221,0,4,791,570
901,3,0,899,-2
881,0,6,87,-794
399,1,0,325,-74
63,0,3,415,352
537,0,3,981,444
963,0,7,61,-902
149,0,3,598,449
812,0,4,310,-502
508,0,3,945,437
616,0,1,726,110
888,1,0,983,95
990,0,1,864,-126
155,0,5,867,712
715,0,5,49,-666
802,0,2,993,191
18,0,6,899,881
687,1,0,742,55
666,2,0,651,-15
697,0,4,246,-451
253,0,1,365,112
124,0,6,892,768
96,0,2,373,277
37,0,3,372,335
809,0,1,673,-136
641,1,0,547,-94
28,0,5,682,654
265,0,2,83,-182
545,3,0,536,-9
116,1,0,24,-92
690,0,4,164,-526
83,1,0,5,-78
810,1,0,902,92
30,1,0,92,62
202,2,0,230,28
701,0,2,919,218
423,2,0,407,-16
19,0,4,609,590
497,0,3,182,-315
443,0,2,205,-238
692,0,2,522,-170
348,0,3,726,378
106,2,0,57,-49
930,0,6,82,-848
125,0,2,355,230
771,0,3,325,-446
788,0,5,104,-684
928,1,0,836,-92
116,2,0,136,20
415,0,2,133,-282
71,0,4,575,504
544,2,0,500,-44
830,0,2,535,-295
288,0,4,847,559
276,0,4,758,482
275,0,1,422,147
806,0,4,279,-527
213,0,5,816,603
617,0,3,251,-366
47,1,0,100,53
778,0,2,549,-229
969,0,3,622,-347
218,0,4,724,506
666,0,3,356,-310
293,0,4,794,501
924,0,5,184,-740
590,2,0,625,35
590,0,1,456,-134
744,2,0,701,-43
718,2,0,728,10
742,0,2,446,-296
521,0,1,636,115
754,1,0,832,78
279,0,2,82,-197
299,0,3,649,350
167,0,4,628,461
651,0,2,829,178
743,0,5,128,-615
34,1,0,127,93
317,0,1,189,-128
634,0,1,753,119
219,1,0,133,-86
616,3,0,614,-2
113,0,4,580,467
726,0,3,385,-341
666,2,0,640,-26
352,0,4,859,507
834,1,0,898,64
554,0,2,720,166
146,0,2,347,201
971,0,4,402,-569
515,0,2,333,-182
557,0,1,408,-149
292,1,0,215,-77
189,0,1,54,-135
504,1,0,409,-95
305,0,3,683,378
688,0,1,570,-118
304,1,0,239,-65
359,0,1,244,-115
726,0,2,531,-195
875,0,6,24,-851
271,1,0,356,85
904,0,6,93,-811
683,0,2,908,225
299,0,5,925,626
943,0,4,463,-480
291,1,0,192,-99
883,0,6,77,-806
619,1,0,568,-51
425,0,2,721,296
973,0,3,544,-429
236,0,2,75,-161
924,0,3,527,-397
49,0,6,941,892
313,2,0,358,45
385,0,5,993,608
370,0,3,37,-333
446,0,3,49,-397
436,0,3,20,-416
937,0,5,330,-607
978,0,3,629,-349
255,0,4,711,456
442,0,3,783,341
776,0,5,116,-660
781,0,1,648,-133
18,0,3,436,418
789,1,0,705,-84
188,1,0,277,89
321,1,0,377,56
139,0,4,591,452
245,0,6,998,753
955,0,5,285,-670
577,0,2,279,-298
933,0,6,140,-793
925,0,5,296,-629
418,0,3,3,-415
537,0,3,894,357
455,0,4,5,-450
243,0,2,83,-160
509,0,3,823,314
164,0,4,754,590
446,0,3,855,409
201,0,2,363,162
258,0,2,421,163
192,0,5,858,666
187,2,0,156,-31
74,3,0,70,-4
169,0,4,631,462
247,0,2,494,247
183,0,5,801,618
920,1,0,973,53
127,0,6,910,783
361,0,2,581,220
921,1,0,825,-96
348,2,0,379,31
308,0,3,734,426
791,0,5,160,-631
381,0,3,51,-330
149,0,3,469,320
51,0,6,813,762
231,0,3,540,309
676,0,2,864,188
638,0,3,252,-386
842,0,1,709,-133
492,0,3,875,383
877,0,5,211,-666
677,0,4,133,-544
797,1,0,726,-71
236,0,1,375,139
64,2,0,76,12
515,0,2,219,-296
548,1,0,601,53
168,0,3,492,324
346,0,3,688,342
769,0,2,950,181
430,0,4,904,474
820,0,3,386,-434
867,2,0,883,16
406,0,4,887,481
740,0,2,444,-296
461,0,1,331,-130
471,0,3,157,-314
882,3,0,877,-5
638,0,3,986,348
844,0,3,494,-350
51,0,3,364,313
775,0,2,995,220
128,1,0,198,70
782,0,5,113,-669
868,0,5,170,-698
712,2,0,675,-37
578,0,2,290,-288
860,3,0,863,3
2,0,5,726,724
604,0,3,261,-343
931,0,6,162,-769
850,0,3,415,-435
26,0,5,741,715
459,2,0,481,22
127,0,2,383,256
220,1,0,276,56
722,0,5,1,-721
353,1,0,299,-54
29,0,2,297,268
104,0,2,398,294
887,0,6,103,-784
628,3,0,636,8
649,0,1,502,-147
934,1,0,844,-90
650,0,2,804,154
837,0,2,677,-160
708,0,3,294,-414
625,1,0,677,52
848,0,2,646,-202
444,0,4,910,466
873,0,3,441,-432
565,0,2,827,262
661,0,2,393,-268
361,0,2,102,-259
801,0,5,57,-744
566,0,3,909,343
478,0,4,6,-472
322,0,1,207,-115
325,0,2,172,-153
756,1,0,847,91
382,0,3,731,349
76,0,4,631,555
903,2,0,858,-45
962,0,5,246,-716
782,1,0,880,98
434,0,3,858,424
504,0,2,669,165
756,3,0,755,-1
866,0,5,140,-726
459,0,2,263,-196
768,0,1,873,105
905,0,4,365,-540
350,0,3,732,382
353,0,2,176,-177
467,0,3,112,-355
89,1,0,31,-58
824,0,4,318,-506
736,0,5,81,-655
79,0,2,348,269
718,0,2,489,-229
781,0,3,418,-363
41,0,4,624,583
700,0,2,979,279
447,0,2,192,-255
922,0,6,131,-791
311,0,3,734,423
191,0,1,61,-130
488,0,2,706,218
494,0,2,246,-248
329,0,4,852,523
937,2,0,973,36
978,0,6,201,-777
86,0,4,672,586
328,0,2,602,274
557,0,2,708,151
928,0,1,782,-146
358,0,2,110,-248
194,0,2,456,262
912,0,3,554,-358
70,0,6,898,828
798,0,2,611,-187
767,0,1,901,134
870,0,6,17,-853
905,0,3,547,-358
453,0,4,964,511
757,0,2,560,-197
613,0,3,303,-310
482,0,2,644,162
253,0,3,592,339
769,0,5,77,-692
659,0,1,550,-109
138,0,1,269,131
610,1,0,516,-94
213,0,2,393,180
64,1,0,126,62
318,0,3,693,375
511,0,3,69,-442
910,0,3,477,-433
707,0,3,317,-390
193,0,1,81,-112
419,0,3,777,358
352,0,5,988,636
209,0,1,315,106
201,0,4,711,510
529,0,4,42,-487
893,0,4,397,-496
549,0,2,250,-299
951,0,5,283,-668
165,0,1,21,-144
783,0,3,460,-323
189,0,2,448,259
817,0,5,168,-649
149,0,4,633,484
834,0,3,498,-336
295,0,2,455,160
354,2,0,400,46
54,1,0,133,79
617,0,3,254,-363
299,0,5,959,660
105,0,5,740,635
305,0,3,741,436
883,0,4,306,-577
247,0,2,28,-219
720,0,2,503,-217
870,0,2,675,-195
499,0,3,831,332
23,0,4,549,526
601,0,4,91,-510
515,2,0,554,39
782,0,2,546,-236
927,0,1,792,-135
493,0,1,378,-115
462,0,3,765,303
90,0,4,592,502
560,0,3,897,337
48,2,0,30,-18
481,0,3,795,314
605,1,0,693,88
320,0,2,59,-261
92,2,0,104,12
82,0,5,777,695
288,0,2,20,-268
411,0,3,87,-324
554,0,4,31,-523
921,0,7,15,-906
961,0,3,585,-376
611,0,1,488,-123
126,0,6,971,845
569,0,4,74,-495
49,0,2,339,290
513,0,3,73,-440
361,0,3,58,-303
881,0,4,319,-562
782,0,5,182,-600
909,0,1,770,-139
450,0,3,148,-302
49,0,3,485,436
445,0,3,81,-364
360,1,0,305,-55
821,1,0,885,64
643,0,2,847,204
221,0,4,671,450
200,0,2,351,151
947,0,3,576,-371
158,0,4,656,498
843,0,2,657,-186
700,0,2,879,179
431,0,2,607,176
308,0,5,982,674
909,0,3,533,-376
613,0,2,354,-259
130,0,6,952,822
781,0,2,972,191
144,0,4,600,456
614,0,2,318,-296
592,0,2,325,-267
77,0,2,330,253
370,2,0,339,-31
425,0,2,648,223
40,1,0,90,50
122,0,5,732,610
1000,0,6,224,-776
851,0,1,722,-129
974,0,4,408,-566
463,0,3,40,-423
702,3,0,706,4
175,0,3,552,377
946,0,4,454,-492
376,0,4,850,474
421,2,0,444,23
251,0,2,40,-211
742,0,5,58,-684
195,0,6,998,803
670,0,4,220,-450
228,0,3,583,355
79,0,6,948,869
261,0,4,769,508
135,0,6,992,857
585,2,0,597,12
724,1,0,787,63
362,0,3,721,359
938,0,4,342,-596
373,1,0,288,-85
84,1,0,148,64
1000,0,6,226,-774
966,0,2,671,-295
466,2,0,499,33
763,0,3,435,-328
795,0,1,685,-110
43,3,0,41,-2
304,0,4,757,453
121,1,0,38,-83
518,0,3,214,-304
506,0,1,642,136
796,2,0,819,23
719,0,5,43,-676
57,0,3,359,302
68,0,6,842,774
362,0,4,921,559
394,2,0,347,-47
17,0,4,486,469
208,0,3,569,361
257,1,0,168,-89
70,0,6,966,896
295,0,2,477,182
247,0,1,108,-139
13,0,2,251,238
320,0,2,93,-227
231,0,4,758,527
769,1,0,842,73
838,0,5,144,-694
646,0,2,932,286
534,0,3,947,413
644,2,0,678,34
76,0,4,615,539
456,0,3,144,-312
706,1,0,804,98
857,0,5,115,-742
993,0,2,783,-210
460,0,4,929,469
616,1,0,543,-73
601,0,2,440,-161
138,0,4,681,543
866,0,4,319,-547
971,0,5,260,-711
692,2,0,727,35
112,0,4,678,566
817,1,0,896,79
871,1,0,925,54
998,0,6,188,-810
755,0,3,364,-391
303,0,5,924,621
186,0,5,924,738
518,0,1,666,148
57,0,5,790,733
297,0,4,895,598
931,1,0,859,-72
595,0,3,206,-389
761,2,0,780,19
351,0,3,798,447
98,0,1,228,130
305,0,4,797,492
380,0,2,89,-291
558,0,1,443,-115
35,0,7,972,937
985,1,0,935,-50
34,0,7,935,901
466,0,3,94,-372
970,0,4,510,-460
891,0,2,618,-273
834,0,6,77,-757
474,2,0,430,-44
505,2,0,486,-19
267,1,0,216,-51
193,0,2,362,169
59,0,3,487,428
771,2,0,738,-33
134,0,6,971,837
973,0,4,386,-587
232,0,1,373,141
564,0,4,38,-526
299,0,3,739,440
987,0,5,319,-668
593,0,3,157,-436
946,0,5,199,-747
916,0,5,269,-647
354,0,2,610,256
864,0,2,584,-280
532,0,1,658,126
494,0,3,172,-322
259,0,2,485,226
971,0,7,17,-954
894,1,0,975,81
87,0,2,280,193
140,1,0,57,-83
458,0,3,82,-376
564,0,3,160,-404
247,2,0,281,34
487,0,3,931,444
3,0,4,506,503
556,0,4,26,-530
18,0,2,282,264
443,0,1,577,134
923,0,4,329,-594
603,0,1,502,-101
468,1,0,527,59
119,0,1,249,130
351,0,2,609,258
374,0,2,201,-173
528,0,2,299,-229
278,0,5,907,629
955,1,0,884,-71
94,0,2,313,219
315,0,4,828,513
673,0,2,421,-252
444,0,3,13,-431
579,0,4,36,-543
312,0,4,799,487
780,0,3,390,-390
446,0,3,786,340
785,0,4,206,-579
590,0,2,360,-230
927,0,2,738,-189
51,0,1,175,124
233,1,0,301,68
51,0,4,540,489
537,0,3,977,440
604,1,0,512,-92
987,3,0,996,9
274,0,2,527,253
429,0,2,595,166
837,0,5,155,-682
853,0,2,648,-205
642,0,3,275,-367
874,2,0,846,-28
305,0,1,166,-139
461,0,2,750,289
844,0,1,736,-108
786,0,4,270,-516
187,0,0,287,100
64,1,0,154,90
898,0,3,598,-300
0,0,5,696,696
681,0,4,163,-518
105,1,0,47,-58
696,0,2,436,-260
539,0,3,878,339
304,0,5,926,622
838,0,4,340,-498
64,0,4,645,581
64,2,0,86,22
511,0,3,161,-350
386,0,4,921,535
87,0,4,657,570
594,0,1,705,111
300,1,0,234,-66
877,0,5,215,-662
159,0,5,801,642
398,1,0,334,-64
596,0,4,68,-528
937,0,6,177,-760
581,0,3,959,378
729,2,0,758,29
763,0,1,868,105
377,0,1,265,-112
613,0,2,856,243
778,0,2,992,214
745,0,5,87,-658
518,0,1,639,121
126,2,0,152,26
120,1,0,192,72
381,0,4,891,510
801,0,6,17,-784
248,0,4,815,567
374,0,4,964,590
680,0,3,300,-380
28,0,6,869,841
653,3,0,651,-2
573,0,2,339,-234
659,2,0,680,21
489,1,0,406,-83
997,0,2,710,-287
770,0,1,624,-146
218,0,2,46,-172
871,0,3,530,-341
942,1,0,875,-67
959,0,1,818,-141
380,0,2,610,230
245,0,4,819,574
718,2,0,674,-44
478,0,3,109,-369
446,0,3,787,341
336,0,4,836,500
533,0,2,783,250
176,0,5,783,607
553,2,0,532,-21
537,0,2,694,157
89,0,6,937,848
27,0,5,688,661
95,0,4,553,458
273,0,2,55,-218
482,0,4,14,-468
817,0,3,410,-407
829,0,2,565,-264
610,0,2,452,-158
659,1,0,729,70
786,2,0,744,-42
292,0,4,839,547
770,0,2,991,221
32,0,3,427,395
266,0,4,771,505
796,0,2,644,-152
68,0,4,519,451
915,0,5,257,-658
139,0,5,844,705
210,0,6,984,774
204,0,2,362,158
95,2,0,71,-24
474,0,3,137,-337
514,1,0,583,69
481,0,4,16,-465
414,0,3,858,444
365,0,3,809,444
341,0,4,853,512
305,0,4,825,520
167,0,3,547,380
411,0,2,692,281
563,0,3,176,-387
560,0,3,122,-438
185,1,0,101,-84
63,0,6,918,855
227,0,2,489,262
307,0,2,17,-290
124,0,6,908,784
314,0,1,195,-119
79,0,2,241,162
937,0,3,506,-431
184,0,2,19,-165
197,0,1,315,118
511,0,3,819,308
215,1,0,275,60
513,0,3,888,375
368,0,4,834,466
949,2,0,920,-29
151,0,3,539,388
735,0,0,835,100
940,0,4,463,-477
236,0,2,10,-226
396,0,3,797,401
536,0,3,88,-448
958,0,3,658,-300
517,0,4,31,-486
605,0,4,30,-575
885,0,5,196,-689
837,2,0,798,-39
405,0,4,907,502
643,0,2,360,-283
910,0,4,432,-478
352,0,3,659,307
323,0,2,607,284
346,0,2,612,266
281,0,1,157,-124
477,0,2,222,-255
585,0,2,378,-207
678,0,3,356,-322
733,0,1,843,110
190,0,5,938,748
88,0,6,861,773
130,1,0,199,69
0,0,3,375,375
377,0,3,66,-311
503,2,0,549,46
36,0,2,252,216
678,0,3,338,-340
631,1,0,720,89
359,0,1,465,106
126,0,3,455,329
523,0,2,735,212
473,2,0,460,-13
175,2,0,209,34
953,0,6,106,-847
41,0,5,658,617
590,0,3,252,-338
862,0,4,360,-502
385,0,2,601,216
145,2,0,167,22
962,0,2,711,-251
581,0,1,478,-103
125,0,2,385,260
624,1,0,558,-66
711,0,2,548,-163
710,0,2,970,260
53,0,3,354,301
631,0,2,797,166
977,1,0,897,-80
343,0,1,452,109
293,0,2,88,-205
234,0,4,734,500
651,0,2,928,277
618,0,4,22,-596
965,0,6,163,-802
999,1,0,901,-98
412,0,3,6,-406
896,0,6,146,-750
451,0,3,151,-300
680,0,2,919,239
62,0,5,676,614
993,0,5,265,-728
425,2,0,380,-45
837,0,2,639,-198
444,3,0,444,0
550,1,0,632,82
962,0,5,233,-729
16,0,1,125,109
302,0,5,904,602
999,0,5,394,-605
455,0,4,4,-451
142,0,6,977,835
663,0,2,366,-297
92,0,6,904,812
170,0,1,297,127
728,0,5,73,-655
95,0,2,380,285
658,1,0,725,67
678,0,2,439,-239
929,2,0,956,27
974,0,2,764,-210
200,0,3,553,353
542,1,0,616,74
9,0,4,587,578
818,2,0,865,47
471,0,2,198,-273
430,2,0,414,-16
588,0,3,974,386
458,0,3,764,306
184,0,3,511,327
935,0,6,146,-789
386,0,3,798,412
239,0,2,431,192
781,0,1,902,121
353,0,1,501,148
555,0,2,852,297
265,0,4,794,529
497,1,0,412,-85
924,0,6,27,-897
266,0,3,586,320
649,0,2,852,203
951,0,4,432,-519
362,0,2,113,-249
328,0,3,750,422
192,0,3,505,313
66,1,0,15,-51
836,0,1,699,-137
175,0,3,571,396
934,0,3,573,-361
262,0,5,927,665
952,0,4,354,-598
985,1,0,908,-77
33,0,1,170,137
963,0,4,431,-532
617,0,2,888,271
56,0,2,274,218
646,0,4,94,-552
326,3,0,324,-2
130,0,5,819,689
373,1,0,448,75
293,0,5,919,626
264,0,1,153,-111
756,0,4,249,-507
813,0,4,330,-483
76,0,3,490,414
40,0,6,873,833
766,0,3,425,-341
213,0,4,711,498
521,0,4,28,-493
868,0,4,271,-597
245,3,0,240,-5
146,0,5,893,747
134,0,3,490,356
284,0,4,766,482
127,0,2,405,278
388,0,2,167,-221
243,1,0,306,63
642,0,3,339,-303
965,3,0,958,-7
570,0,2,785,215
442,3,0,441,-1
882,0,4,357,-525
5,0,2,225,220
402,1,0,476,74
922,0,4,427,-495
411,0,3,106,-305
813,0,3,420,-393
24,0,6,821,797
662,2,0,629,-33
672,1,0,754,82
744,1,0,689,-55
981,0,1,878,-103
979,0,5,359,-620
962,0,2,780,-182
742,0,3,302,-440
641,0,2,479,-162
192,0,2,456,264
521,0,4,9,-512
88,0,1,207,119
561,0,3,174,-387
389,0,4,843,454
477,0,3,830,353
214,1,0,162,-52
94,0,6,926,832
616,1,0,699,83
46,0,5,685,639
367,1,0,282,-85
881,0,3,541,-340
818,0,6,23,-795
83,1,0,182,99
929,0,1,816,-113
933,0,4,400,-533
173,0,3,587,414
98,0,2,314,216
753,0,1,897,144
987,0,6,120,-867
274,2,0,292,18
767,2,0,794,27
800,1,0,882,82
330,1,0,234,-96
896,0,1,774,-122
680,0,1,531,-149
930,0,7,25,-905
962,0,4,484,-478
12,0,6,795,783
934,0,6,160,-774
536,2,0,513,-23
643,0,2,409,-234
730,0,1,587,-143
917,2,0,895,-22
7,0,3,319,312
586,0,2,799,213
171,0,2,463,292
804,0,2,564,-240
152,0,2,332,180
970,0,4,414,-556
458,0,3,843,385
347,0,2,565,218
751,0,1,861,110
591,0,1,730,139
110,0,5,713,603
115,0,5,822,707
346,0,1,447,101
570,0,3,992,422
176,0,5,837,661
380,0,2,189,-191
884,0,4,308,-576
158,2,0,115,-43
132,2,0,165,33
263,0,3,624,361
926,0,5,300,-626
954,2,0,994,40
149,0,5,836,687
831,0,2,569,-262
87,0,5,835,748
225,0,4,709,484
458,0,3,796,338
659,0,3,236,-423
158,0,4,670,512
60,0,3,419,359
417,0,2,248,-169
444,1,0,542,98
623,2,0,658,35
993,0,2,731,-262
178,0,1,291,113
96,0,1,217,121
271,1,0,328,57
221,0,6,989,768
701,0,2,503,-198
423,2,0,446,23
681,0,4,210,-471
520,0,1,669,149
901,0,6,100,-801
909,0,6,27,-882
910,0,1,774,-136
907,0,3,532,-375
654,0,1,774,120
426,1,0,497,71
566,0,2,772,206
349,0,3,13,-336
950,0,3,615,-335
728,0,3,282,-446
200,2,0,243,43
714,0,4,234,-480
470,0,3,109,-361
843,0,4,298,-545
744,0,4,188,-556
328,0,1,220,-108
644,0,4,79,-565
135,0,5,855,720
538,0,4,36,-502
37,0,6,922,885
176,1,0,119,-57
313,0,2,151,-162
597,0,2,341,-256
264,0,4,817,553
581,0,4,106,-475
623,0,2,918,295
282,1,0,186,-96
987,0,6,99,-888
399,0,1,265,-134
606,0,2,399,-207
82,0,5,723,641
934,0,5,203,-731
628,0,2,461,-167
168,2,0,187,19
777,2,0,819,42
311,3,0,310,-1
176,0,4,633,457
659,0,4,180,-479
167,0,5,791,624
186,0,1,316,130
699,0,2,499,-200
751,0,2,589,-162
382,0,3,739,357
9,0,3,403,394
596,0,2,313,-283
952,0,4,427,-525
924,0,2,678,-246
363,0,4,879,516
294,2,0,282,-12
834,1,0,753,-81
232,0,2,429,197
66,0,6,897,831
53,0,2,338,285
521,0,1,391,-130
140,0,2,305,165
440,0,2,284,-156
674,0,5,36,-638
442,0,3,0,-442
319,2,0,353,34
268,0,2,21,-247
13,0,1,139,126
387,0,4,952,565
203,0,4,700,497
44,0,1,156,112
622,0,4,42,-580
394,0,2,97,-297
171,0,6,997,826
160,1,0,223,63
930,0,7,15,-915
159,0,2,425,266
71,0,5,685,614
210,0,5,864,654
198,0,4,702,504
709,0,3,293,-416
751,0,3,321,-430
156,0,1,13,-143
870,0,3,563,-307
294,0,3,728,434
216,1,0,158,-58
589,0,2,865,276
999,0,2,713,-286
44,0,4,495,451
715,1,0,624,-91
836,0,4,374,-462
831,0,3,422,-409
829,1,0,738,-91
534,0,2,690,156
319,0,3,670,351
55,0,4,636,581
566,0,1,421,-145
935,0,1,803,-132
869,0,1,971,102
105,0,5,734,629
486,0,3,133,-353
509,0,3,201,-308
851,0,1,976,125
419,0,2,684,265
451,0,2,152,-299
94,2,0,136,42
301,0,4,863,562
72,0,7,977,905
350,0,1,459,109
742,1,0,826,84
79,2,0,123,44
489,0,3,86,-403
912,0,4,437,-475
128,0,5,777,649
8,0,2,161,153
70,0,3,507,437
225,0,2,27,-198
478,0,3,829,351
400,0,1,252,-148
287,0,5,991,704
577,0,2,289,-288
535,0,2,319,-216
762,0,3,456,-306
775,0,1,658,-117
12,2,0,22,10
841,2,0,859,18
388,0,2,143,-245
81,0,3,388,307
921,0,4,441,-480
57,0,2,224,167
963,0,0,863,-100
334,0,3,738,404
829,0,1,692,-137
596,2,0,628,32
851,0,2,602,-249
643,0,2,484,-159
97,0,6,928,831
130,0,1,233,103
693,0,2,950,257
400,0,2,598,198
609,0,3,177,-432
89,0,5,771,682
849,0,4,328,-521
542,0,2,774,232
107,0,6,881,774
256,0,3,698,442
688,0,5,2,-686
186,0,1,46,-140
409,0,3,43,-366
731,0,1,870,139
650,0,2,905,255
180,0,5,781,601
749,0,3,350,-399
204,0,4,753,549
737,1,0,801,64
372,0,1,506,134
84,0,1,228,144
360,0,1,484,124
345,0,3,21,-324
427,0,3,801,374
331,0,2,530,199
3,0,3,380,377
259,0,2,478,219
182,3,0,185,3
920,0,6,113,-807
882,2,0,925,43
765,0,1,618,-147
23,0,3,369,346
431,1,0,355,-76
40,2,0,25,-15
103,0,5,784,681
668,0,4,120,-548
908,0,5,211,-697
690,0,2,520,-170
169,1,0,257,88
119,1,0,207,88
870,0,3,486,-384
468,0,3,40,-428
737,0,5,18,-719
666,0,2,934,268
585,0,4,107,-478
165,0,2,403,238
908,0,2,690,-218
448,0,3,64,-384
799,0,2,984,185
935,0,5,193,-742
676,0,2,931,255
319,0,4,869,550
60,0,3,438,378
994,0,3,638,-356
374,0,4,829,455
836,0,1,967,131
91,1,0,143,52
937,0,3,507,-430
483,0,4,991,508
9,3,0,11,2
64,0,2,228,164
673,2,0,708,35
521,1,0,592,71
574,0,3,168,-406
913,0,6,128,-785
191,0,4,718,527
994,3,0,989,-5
490,0,3,795,305
229,0,1,80,-149
389,0,1,517,128
941,0,2,767,-174
725,3,0,726,1
320,0,2,28,-292
912,0,6,148,-764
939,0,6,118,-821
370,0,2,581,211
521,0,3,909,388
950,0,1,806,-144
564,0,3,911,347
357,0,2,532,175
396,0,4,881,485
353,0,2,103,-250
406,0,2,140,-266
988,0,3,576,-412
108,0,3,420,312
708,0,1,600,-108
942,0,3,592,-350
857,0,5,201,-656
624,0,4,85,-539
593,2,0,615,22
374,0,2,131,-243
207,1,0,154,-53
78,0,2,342,264
13,0,6,817,804
464,2,0,419,-45
88,0,3,436,348
731,0,5,54,-677
144,0,3,495,351
717,0,3,366,-351
858,0,6,61,-797
839,0,4,245,-594
783,0,3,444,-339
888,0,1,757,-131
551,0,1,442,-109
23,0,3,442,419
58,0,6,922,864
695,0,2,892,197
377,1,0,442,65
655,0,3,223,-432
715,0,5,60,-655
20,0,6,872,852
524,0,3,96,-428
420,2,0,460,40
676,0,2,968,292
709,0,4,212,-497
130,1,0,43,-87
585,0,2,866,281
482,0,2,301,-181
381,0,4,870,489
235,0,4,730,495
246,0,3,634,388
444,0,2,701,257
203,0,5,834,631
783,0,4,321,-462
636,0,2,888,252
954,0,2,751,-203
77,0,3,459,382
339,0,2,128,-211
813,0,3,501,-312
102,0,5,707,605
795,0,1,666,-129
849,3,0,850,1
726,0,3,372,-354
700,0,2,869,169
595,0,2,329,-266
501,0,2,306,-195
907,3,0,906,-1
272,2,0,257,-15
760,0,2,511,-249
49,1,0,109,60
183,0,5,860,677
179,0,3,496,317
803,0,2,619,-184
889,0,6,38,-851
299,1,0,385,86
953,0,6,155,-798
88,0,5,722,634
645,0,2,893,248
439,0,2,733,294
222,0,3,590,368
37,0,6,885,848
602,0,2,340,-262
673,0,4,179,-494
167,0,3,502,335
122,0,3,450,328
762,0,4,209,-553
834,0,4,264,-570
113,2,0,127,14
468,0,2,198,-270
832,0,3,468,-364
309,0,4,905,596
201,0,5,846,645
717,0,1,571,-146
569,0,2,366,-203
864,0,2,631,-233
177,1,0,124,-53
480,0,3,122,-358
436,1,0,526,90
796,0,1,928,132
796,0,5,178,-618
262,0,3,597,335
684,0,4,97,-587
791,0,2,942,151
453,1,0,528,75
308,0,2,574,266
611,0,1,746,135
757,0,3,310,-447
921,0,2,760,-161
45,2,0,25,-20
287,1,0,374,87
139,0,3,469,330
909,1,0,810,-99
801,0,1,662,-139
611,0,3,967,356
935,0,2,671,-264
548,0,4,75,-473
374,0,4,873,499
417,0,3,791,374
899,0,1,754,-145
729,0,4,246,-483
248,0,2,424,176
264,0,2,47,-217
715,0,3,327,-388
241,0,5,909,668
465,0,3,911,446
584,0,2,404,-180
509,0,3,915,406
276,0,3,705,429
687,2,0,677,-10
257,0,5,881,624
243,1,0,319,76
439,0,2,267,-172
685,1,0,783,98
644,0,2,408,-236
576,0,3,171,-405
236,0,2,19,-217
84,0,2,382,298
102,0,6,945,843
77,0,4,645,568
669,0,3,335,-334
584,1,0,495,-89
221,0,5,908,687
975,0,4,434,-541
325,0,3,700,375
847,1,0,932,85
317,1,0,409,92
286,0,2,524,238
858,0,5,133,-725
659,1,0,561,-98
194,0,3,585,391
85,0,6,869,784
639,0,3,298,-341
255,0,1,112,-143
303,0,5,926,623
56,0,1,188,132
147,0,2,316,169
956,0,3,612,-344
252,0,2,546,294
516,0,2,328,-188
422,0,2,215,-207
569,0,2,378,-191
917,0,5,299,-618
167,0,6,990,823
8,0,6,801,793
267,0,4,719,452
324,0,2,147,-177
319,0,3,645,326
165,0,1,38,-127
465,1,0,520,55
26,0,4,542,516
175,0,6,948,773
781,2,0,759,-22
656,0,4,87,-569
408,0,1,539,131
230,0,5,834,604
668,0,2,432,-236
750,0,1,858,108
876,0,2,679,-197
780,0,3,347,-433
694,0,3,289,-405
983,0,3,577,-406
909,0,3,600,-309
438,0,2,671,233
31,0,3,466,435
303,0,1,426,123
644,0,3,262,-382
106,0,6,934,828
778,2,0,795,17
863,0,2,696,-167
623,2,0,584,-39
814,0,1,678,-136
225,0,4,783,558
221,0,2,44,-177
591,0,0,691,100
823,0,2,619,-204
657,0,2,837,180
288,0,2,49,-239
375,0,1,262,-113
866,0,2,694,-172
750,0,5,63,-687
416,3,0,425,9
4,0,2,235,231
240,0,1,346,106
756,0,4,252,-504
800,2,0,765,-35
718,0,5,62,-656
594,1,0,532,-62
265,2,0,248,-17
382,0,4,933,551
498,0,1,643,145
745,0,4,147,-598
241,1,0,312,71
776,0,5,127,-649
765,0,3,448,-317
585,2,0,553,-32
38,0,2,251,213
78,0,4,563,485
753,0,2,939,186
14,0,4,470,456
646,0,2,940,294
121,0,4,621,500
113,0,5,768,655
800,0,4,265,-535
393,0,1,290,-103
540,2,0,581,41
351,2,0,311,-40
643,0,2,470,-173
223,0,4,706,483
389,0,3,741,352
237,0,5,890,653
173,0,4,740,567
39,0,5,708,669
313,0,2,487,174
58,0,5,719,661
510,0,2,671,161
653,0,3,275,-378
927,0,6,85,-842
722,0,5,77,-645
650,0,2,396,-254
304,1,0,389,85
346,0,1,241,-105
942,0,5,223,-719
595,1,0,682,87
749,2,0,712,-37
649,0,5,8,-641
397,0,3,82,-315
441,0,3,832,391
984,1,0,907,-77
965,0,6,134,-831
532,0,1,413,-119
234,0,2,484,250
414,0,3,862,448
558,0,2,848,290
565,0,2,343,-222
736,0,4,228,-508
57,0,5,685,628
668,0,4,170,-498
242,2,0,230,-12
805,2,0,762,-43
753,0,2,928,175
299,0,5,923,624
656,0,4,71,-585
212,0,2,488,276
832,0,5,95,-737
320,0,5,958,638
780,0,6,15,-765
146,0,2,433,287
605,0,2,351,-254
411,0,2,704,293
181,0,5,839,658
539,0,1,641,102
55,1,0,153,98
674,0,4,196,-478
135,1,0,191,56
757,0,5,93,-664
382,1,0,307,-75
539,0,3,917,378
774,0,6,12,-762
243,0,5,986,743
69,0,4,632,563
123,0,5,847,724
134,0,2,314,180
827,0,3,419,-408
170,0,4,669,499
421,0,1,546,125
516,2,0,472,-44
494,2,0,478,-16
214,0,3,656,442
20,0,6,773,753
581,0,3,986,405
405,2,0,393,-12
115,0,4,696,581
666,0,4,184,-482
761,0,4,182,-579
928,2,0,945,17
872,0,2,673,-199
223,0,1,366,143
169,0,1,52,-117
842,0,6,82,-760
524,0,4,11,-513
714,0,4,230,-484
570,0,3,206,-364
819,0,2,573,-246
125,1,0,185,60
960,0,5,356,-604
364,0,2,186,-178
728,0,4,137,-591
325,1,0,263,-62
194,0,4,709,515
412,0,2,589,177
478,0,3,160,-318
763,2,0,739,-24
403,0,4,965,562
582,0,3,281,-301
231,0,4,754,523
772,1,0,849,77
110,2,0,128,18
859,0,4,407,-452
24,0,7,980,956
227,0,4,768,541
120,0,1,19,-101
596,0,2,304,-292
593,0,3,150,-443
271,0,3,577,306
504,0,1,625,121
103,2,0,76,-27
294,0,1,428,134
377,0,3,811,434
555,0,3,180,-375
138,0,4,724,586
859,0,1,966,107
341,0,2,553,212
852,0,3,461,-391
215,0,4,714,499
371,0,1,483,112
778,0,1,656,-122
984,0,4,402,-582
975,0,6,199,-776
106,0,2,355,249
527,0,3,931,404
9,0,5,648,639
639,0,2,933,294
324,0,2,575,251
812,0,5,122,-690
806,0,6,36,-770
29,0,1,130,101
172,0,6,954,782
98,0,4,552,454
672,0,4,183,-489
130,0,4,610,480
154,0,2,346,192
717,0,5,72,-645
179,0,5,855,676
319,0,2,52,-267
552,0,1,700,148
234,0,3,660,426
641,0,4,93,-548
427,0,2,222,-205
569,0,3,907,338
706,0,2,887,181
343,1,0,437,94
657,0,2,824,167
457,0,3,799,342
286,0,5,964,678
507,0,3,832,325
78,0,5,717,639
425,1,0,344,-81
646,0,3,954,308
484,0,2,221,-263
341,0,4,931,590
882,3,0,888,6
463,0,4,943,480
241,2,0,225,-16
212,0,3,626,414
546,0,3,177,-369
785,2,0,820,35
146,0,2,387,241
327,0,3,693,366
724,0,2,993,269
54,1,0,110,56
758,0,3,431,-327
247,0,1,126,-121
468,0,2,245,-223
239,0,4,775,536
518,0,4,26,-492
872,0,4,368,-504
953,0,2,656,-297
256,0,2,7,-249
9,0,5,671,662
115,0,4,629,514
399,0,2,563,164
950,0,2,790,-160
672,0,4,144,-528
793,0,1,920,127
434,0,3,765,331
483,2,0,512,29
35,0,2,242,207
32,0,3,403,371
837,0,4,366,-471
495,2,0,455,-40
39,0,6,839,800
310,2,0,285,-25
645,0,2,438,-207
816,1,0,912,96
642,0,2,406,-236
238,0,2,481,243
345,0,2,631,286
932,0,1,802,-130
733,0,4,218,-515
169,0,1,65,-104
664,0,3,989,325
604,0,3,936,332
806,2,0,783,-23
297,0,5,905,608
877,0,6,89,-788
297,1,0,214,-83
289,1,0,230,-59
698,0,3,363,-335
426,0,2,628,202
363,2,0,382,19
98,0,3,479,381
770,0,3,345,-425
690,0,1,831,141
515,0,2,801,286
366,0,4,943,577
855,0,4,375,-480
837,1,0,774,-63
249,0,2,445,196
638,0,4,138,-500
103,2,0,82,-21
192,2,0,146,-46
552,2,0,517,-35
123,0,3,444,321
624,0,2,455,-169
954,0,4,364,-590
460,0,2,286,-174
444,0,2,268,-176
538,0,1,434,-104
382,3,0,378,-4
109,0,5,780,671
936,2,0,918,-18
133,1,0,196,63
889,0,4,303,-586
277,2,0,292,15
69,0,7,1000,931
538,0,3,854,316
650,0,2,369,-281
645,0,3,950,305
665,0,2,925,260
96,1,0,17,-79
683,0,2,885,202
221,1,0,308,87
362,0,5,969,607
140,0,4,714,574
523,0,2,313,-210
860,0,6,27,-833
98,1,0,187,89
756,0,3,366,-390
392,0,3,733,341
629,0,2,925,296
204,0,5,925,721
960,0,3,552,-408
9,0,4,556,547
26,0,4,624,598
88,1,0,175,87
31,0,4,606,575
450,0,3,5,-445
999,0,7,58,-941
709,0,1,812,103
441,0,4,917,476
639,0,2,904,265
155,0,1,39,-116
978,0,2,718,-260
343,0,1,462,119
530,2,0,492,-38
198,0,5,877,679
838,1,0,767,-71
121,0,2,420,299
738,0,1,847,109
906,0,6,87,-819
9,0,5,679,670
761,0,2,998,237
312,0,4,880,568
134,0,6,888,754
302,0,5,953,651
907,0,3,595,-312
616,0,2,452,-164
147,0,3,550,403
722,0,2,563,-159
305,0,5,989,684
309,2,0,280,-29
946,3,0,950,4
795,1,0,743,-52
719,0,2,522,-197
10,0,6,779,769
295,2,0,327,32
967,1,0,915,-52
231,0,4,713,482
710,1,0,795,85
679,0,2,866,187
330,0,3,713,383
574,0,2,844,270
431,0,2,132,-299
435,0,2,679,244
366,0,4,907,541
888,0,5,231,-657
127,0,2,283,156
445,0,4,992,547
536,0,2,763,227
998,0,1,878,-120
615,0,4,38,-577
800,0,2,535,-265
209,0,4,699,490
610,0,2,427,-183
320,1,0,231,-89
576,1,0,640,64
615,0,2,901,286
498,0,4,999,501
45,0,1,184,139
646,0,3,331,-315
968,0,5,357,-611
610,0,1,463,-147
157,0,2,438,281
129,0,5,766,637
913,0,4,453,-460
221,0,3,526,305
938,0,3,592,-346
757,0,5,110,-647
994,0,5,371,-623
434,0,3,30,-404
643,0,3,225,-418
875,0,2,682,-193
763,0,5,26,-737
493,2,0,529,36
341,0,4,853,512
54,0,6,934,880
968,0,5,258,-710
391,2,0,426,35
875,0,2,674,-201
29,0,3,404,375
513,2,0,470,-43
297,0,5,972,675
871,0,3,467,-404
224,0,3,577,353
502,1,0,434,-68
287,0,3,735,448
799,0,3,413,-386
998,3,0,999,1
807,0,2,649,-158
831,0,1,690,-141
711,0,3,262,-449
950,0,5,306,-644
79,0,5,782,703
932,0,2,781,-151
904,0,4,326,-578
863,0,3,488,-375
816,0,2,549,-267
152,0,4,652,500
76,2,0,52,-24
621,0,5,11,-610
868,0,4,399,-469
326,0,4,815,489
944,0,3,592,-352
304,0,5,941,637
28,0,4,546,518
423,0,4,923,500
569,2,0,587,18
743,0,4,215,-528
114,0,1,223,109
1,0,3,358,357
839,0,1,966,127
43,0,4,543,500
326,0,1,181,-145
269,0,4,732,463
149,0,6,948,799
488,0,3,930,442
912,0,2,636,-276
731,0,2,952,221
727,0,5,27,-700
464,0,2,655,191
828,0,4,293,-535
615,0,2,324,-291
724,2,0,704,-20
481,0,2,682,201
498,0,3,907,409
558,0,3,898,340
807,3,0,816,9
637,0,2,399,-238
256,0,1,397,141
807,0,2,981,174
150,0,1,42,-108
454,0,2,164,-290
904,2,0,924,20
194,0,3,633,439
772,0,3,355,-417
945,0,4,412,-533
582,1,0,659,77
776,0,1,923,147
200,0,3,540,340
864,0,4,265,-599
204,0,3,572,368
102,2,0,79,-23
661,0,2,373,-288
747,0,3,419,-328
693,0,2,949,256
408,0,3,747,339
646,0,2,869,223
628,0,3,235,-393
163,0,3,587,424
493,0,3,827,334
873,1,0,778,-95
0,0,3,425,425
342,0,2,110,-232
789,0,6,25,-764
11,0,2,185,174
357,0,4,836,479
63,2,0,93,30
192,0,6,971,779
414,0,1,541,127
651,0,2,934,283
332,0,1,225,-107
522,0,2,348,-174
889,0,6,119,-770
642,0,4,141,-501
312,0,2,577,265
248,0,3,622,374
808,0,4,333,-475
882,0,2,616,-266
797,3,0,790,-7
127,0,3,495,368
471,0,3,864,393
143,0,3,584,441
917,0,6,140,-777
516,0,3,180,-336
379,0,1,253,-126
793,0,2,584,-209
925,0,5,277,-648
401,0,2,687,286
423,0,3,23,-400
698,0,3,265,-433
368,0,2,605,237
523,1,0,428,-95
660,0,2,508,-152
972,0,6,74,-898
769,0,2,478,-291
425,0,2,151,-274
424,2,0,445,21
86,0,6,967,881
541,0,1,415,-126
996,0,2,721,-275
77,0,5,721,644
905,0,4,399,-506
627,2,0,652,25
863,2,0,846,-17
502,2,0,491,-11
760,0,2,489,-271
319,0,4,897,578
77,0,2,301,224
508,0,4,968,460
544,0,2,340,-204
385,2,0,430,45
911,0,5,253,-658
727,0,5,99,-628
833,2,0,860,27
883,0,4,349,-534
744,0,3,425,-319
956,0,7,26,-930
745,0,2,538,-207
376,0,4,899,523
653,0,2,384,-269
915,0,3,607,-308
680,0,5,47,-633
553,0,2,371,-182
952,0,5,323,-629
188,2,0,201,13
564,0,2,302,-262
183,0,1,328,145
268,0,4,751,483
437,1,0,523,86
486,0,2,781,295
751,3,0,744,-7
998,0,5,365,-633
701,2,0,747,46
339,0,3,723,384
59,2,0,41,-18
928,0,2,642,-286
613,3,0,608,-5
504,1,0,589,85
100,0,4,629,529
106,0,6,997,891
933,2,0,963,30
677,0,5,26,-651
648,0,4,191,-457
178,0,1,309,131
298,2,0,281,-17
36,0,1,147,111
933,0,4,413,-520
278,0,3,687,409
531,0,2,321,-210
825,0,1,964,139
928,0,3,499,-429
332,0,2,609,277
201,0,5,911,710
353,0,2,170,-183
197,0,3,544,347
712,0,4,253,-459
239,0,1,364,125
314,0,5,943,629
616,1,0,530,-86
502,0,3,91,-411
713,0,3,280,-433
206,0,1,337,131
295,0,2,120,-175
671,0,2,855,184
180,2,0,226,46
587,0,2,332,-255
186,0,5,817,631
989,0,3,673,-316
868,1,0,940,72
36,0,4,515,479
146,0,5,879,733
981,0,3,579,-402
848,0,6,68,-780
160,0,5,835,675
908,0,4,391,-517
767,0,2,964,197
118,0,5,801,683
44,0,5,729,685
884,0,3,535,-349
523,0,2,807,284
616,0,4,104,-512
694,0,4,170,-524
255,0,5,932,677
781,0,2,987,206
488,0,3,795,307
496,0,2,705,209
574,0,1,463,-111
280,1,0,217,-63
234,0,5,920,686
21,0,2,191,170
247,0,2,29,-218
741,0,2,986,245
879,0,4,385,-494
665,0,2,829,164
234,0,2,428,194
588,1,0,511,-77
882,0,6,77,-805
308,3,0,303,-5
502,0,4,11,-491
930,0,5,213,-717
859,0,4,285,-574
303,0,2,471,168
91,0,5,758,667
89,2,0,119,30
261,0,1,151,-110
726,1,0,658,-68
949,0,4,452,-497
680,0,3,355,-325
22,0,3,434,412
836,0,6,31,-805
646,0,4,76,-570
441,0,2,147,-294
159,0,3,476,317
427,0,4,903,476
405,0,3,61,-344
164,0,2,318,154
567,0,2,325,-242
648,0,5,40,-608
419,0,3,739,320
998,3,0,996,-2
447,1,0,524,77
75,0,5,750,675
225,0,2,1,-224
882,0,6,126,-756
324,0,2,475,151
401,2,0,416,15
556,0,2,404,-152
283,0,4,811,528
7,0,2,246,239
822,0,3,407,-415
981,0,1,835,-146
794,0,5,109,-685
700,0,5,0,-700
327,0,2,560,233
191,0,5,876,685
649,1,0,557,-92
51,0,2,258,207
125,1,0,54,-71
239,0,4,813,574
968,0,5,220,-748
744,0,3,362,-382
588,0,2,881,293
840,0,4,277,-563
395,1,0,493,98
754,0,2,568,-186
999,1,0,916,-83
338,0,2,520,182
828,2,0,841,13
500,0,3,875,375
94,0,5,831,737
504,0,2,258,-246
518,0,3,215,-303
872,0,3,429,-443
994,0,6,152,-842
862,1,0,921,59
614,0,2,341,-273
676,0,2,860,184
884,0,2,654,-230
895,0,3,513,-382
674,0,5,30,-644
688,0,3,994,306
71,1,0,122,51
265,0,2,483,218
584,0,2,397,-187
967,1,0,908,-59
105,0,6,999,894
796,0,5,89,-707
344,0,2,591,247
866,0,4,367,-499
21,0,3,325,304
2,0,2,284,282
526,0,1,671,145
415,0,2,584,169
776,0,3,428,-348
537,0,1,683,146
477,0,2,722,245
372,1,0,443,71
663,0,2,424,-239
588,0,2,310,-278
310,0,2,56,-254
744,0,1,860,116
601,0,1,487,-114
271,0,3,597,326
435,0,2,610,175
404,3,0,406,2
411,0,2,227,-184
974,0,5,289,-685
437,0,3,26,-411
346,0,3,15,-331
683,0,2,459,-224
430,0,3,799,369
306,0,3,700,394
464,0,2,653,189
263,0,1,400,137
730,0,1,833,103
979,0,3,593,-386
716,0,4,235,-481
517,0,2,741,224
455,2,0,492,37
879,0,3,566,-313
949,0,2,783,-166
171,0,1,42,-129
442,0,2,189,-253
643,0,1,513,-130
603,0,4,74,-529
66,0,3,503,437
166,0,1,37,-129
188,0,5,832,644
361,0,4,916,555
943,0,5,335,-608
831,0,4,309,-522
409,0,2,567,158
378,1,0,452,74
107,0,6,944,837
654,0,4,166,-488
979,0,4,448,-531
815,0,4,251,-564
30,0,6,819,789
251,1,0,337,86
73,0,5,772,699
845,0,2,642,-203
855,1,0,756,-99
960,0,4,398,-562
246,0,2,56,-190
134,0,5,763,629
29,0,6,822,793
825,0,2,559,-266
314,2,0,290,-24
752,0,4,232,-520
204,0,3,580,376
361,0,3,50,-311
827,3,0,821,-6
18,0,5,663,645
194,0,5,809,615
365,0,2,595,230
481,1,0,539,58
237,0,1,88,-149
981,0,7,34,-947
634,0,4,62,-572
404,0,3,48,-356
258,0,1,136,-122
264,3,0,260,-4
451,0,3,836,385
857,0,4,340,-517
345,0,2,555,210
213,0,2,469,256
357,2,0,395,38
488,0,2,192,-296
58,0,5,659,601
154,3,0,150,-4
462,0,2,271,-191
919,0,1,773,-146
177,0,2,391,214
289,0,3,651,362
409,1,0,313,-96
697,0,3,351,-346
942,0,5,254,-688
409,0,1,520,111
402,1,0,488,86
69,0,1,197,128
156,0,2,418,262
563,0,3,934,371
591,0,3,249,-342
736,0,1,859,123
529,0,2,759,230
924,0,3,598,-326
446,0,2,636,190
897,0,4,338,-559
126,0,3,503,377
67,0,4,595,528
779,0,2,929,150
414,1,0,350,-64
509,1,0,590,81
23,0,3,355,332
598,0,4,49,-549
395,0,2,176,-219
284,3,0,289,5
78,0,6,968,890
801,2,0,752,-49
277,0,5,937,660
619,0,2,456,-163
211,1,0,264,53
10,0,4,506,496
757,0,2,547,-210
66,0,1,203,137
386,2,0,414,28
793,0,3,417,-376
362,0,4,926,564
161,0,2,380,219
882,0,2,617,-265
855,0,1,725,-130
420,0,3,94,-326
208,0,2,10,-198
728,0,5,20,-708
30,0,4,593,563
876,0,3,452,-424
858,0,5,231,-627
768,0,2,512,-256
2,0,5,707,705
757,2,0,732,-25
979,1,0,920,-59
197,0,4,647,450
899,0,3,557,-342
512,0,4,51,-461
181,0,5,894,713
626,0,2,844,218
960,0,1,856,-104
465,0,3,899,434
386,0,3,39,-347
847,0,1,706,-141
969,0,7,1,-968
538,0,1,431,-107
661,0,3,214,-447
310,0,2,590,280
271,0,2,66,-205
572,0,4,100,-472
755,0,3,323,-432
777,0,1,913,136
894,0,3,450,-444
671,0,2,420,-251
123,0,4,686,563
726,0,1,870,144
206,0,2,411,205
729,0,4,229,-500
434,0,1,547,113
484,1,0,565,81
924,0,3,611,-313
598,0,3,940,342
506,0,3,85,-421
640,0,2,919,279
36,0,3,355,319
622,3,0,622,0
423,0,3,15,-408
519,0,2,720,201
84,0,5,760,676
158,0,6,966,808
630,0,2,878,248
166,0,1,276,110
719,0,2,495,-224
807,0,1,689,-118
443,0,2,733,290
872,0,4,297,-575
452,0,2,180,-272
472,0,2,667,195
645,0,4,195,-450
62,0,6,949,887
499,0,1,644,145
208,1,0,141,-67
141,0,3,587,446
143,0,2,437,294
0,0,1,124,124
578,3,0,574,-4
975,0,3,618,-357
793,0,5,44,-749
557,0,2,306,-251
346,0,2,147,-199
743,0,2,533,-210
968,0,2,681,-287
114,0,4,621,507
645,0,2,355,-290
364,2,0,390,26
640,0,3,983,343
272,2,0,292,20
11,2,0,36,25
51,2,0,40,-11
764,0,4,265,-499
166,0,2,10,-156
211,2,0,186,-25
279,0,3,581,302
949,0,5,316,-633
172,0,1,280,108
406,1,0,342,-64
813,1,0,880,67
411,0,2,710,299
105,0,4,670,565
306,1,0,391,85
637,0,3,278,-359
0,0,7,966,966
766,0,2,978,212
336,0,2,584,248
792,0,1,904,112
977,0,6,133,-844
927,0,3,579,-348
48,2,0,34,-14
835,0,3,526,-309
158,0,5,827,669
529,1,0,601,72
601,0,3,162,-439
631,0,4,109,-522
283,0,1,172,-111
875,0,5,250,-625
467,2,0,516,49
735,0,2,442,-293
177,0,4,772,595
24,0,3,417,393
593,0,2,766,173
947,2,0,989,42
741,0,2,553,-188
814,0,4,252,-562
40,2,0,18,-22
48,0,6,856,808
63,1,0,120,57
285,0,3,684,399
260,1,0,336,76
852,0,5,228,-624
650,0,3,961,311
890,0,5,185,-705
601,0,3,230,-371
665,0,2,473,-192
989,0,4,399,-590
884,0,4,357,-527
619,1,0,709,90
271,0,2,570,299
201,0,4,741,540
430,0,2,672,242
585,0,4,87,-498
971,0,4,506,-465
221,1,0,282,61
364,2,0,334,-30
843,0,3,403,-440
302,0,2,455,153
810,0,2,651,-159
214,0,1,321,107
978,0,5,280,-698
614,0,3,294,-320
776,0,5,108,-668
995,0,3,601,-394
61,0,5,696,635
819,0,2,584,-235
857,0,6,104,-753
585,0,1,697,112
498,0,4,993,495
58,1,0,125,67
95,0,2,391,296
347,0,3,688,341
288,2,0,248,-40
912,1,0,847,-65
823,0,5,142,-681
786,0,4,236,-550
218,0,2,466,248
989,0,4,437,-552
268,0,4,779,511
495,0,4,964,469
523,0,3,76,-447
927,0,4,409,-518
624,0,4,74,-550
568,0,2,727,159
853,0,5,131,-722
621,0,4,133,-488
137,0,5,874,737
370,1,0,305,-65
978,0,6,157,-821
561,0,2,779,218
630,0,2,446,-184
973,0,3,594,-379
900,0,5,151,-749
746,0,3,389,-357
101,0,2,374,273
707,0,4,237,-470
601,0,3,978,377
156,0,5,810,654
601,1,0,658,57
227,0,2,398,171
103,1,0,30,-73
964,0,3,545,-419
648,1,0,722,74
962,0,5,303,-659
383,0,2,92,-291
106,2,0,65,-41
31,0,2,286,255
757,0,5,155,-602
67,0,3,443,376
274,0,2,573,299
171,0,3,533,362
285,0,4,850,565
355,0,3,687,332
96,0,3,473,377
114,0,4,566,452
523,0,2,785,262
165,0,5,897,732
101,0,3,523,422
990,0,6,208,-782
30,0,1,175,145
23,0,7,966,943
994,0,2,836,-158
258,1,0,164,-94
581,0,3,211,-370
263,0,5,938,675
472,0,3,169,-303
101,1,0,194,93
906,0,5,217,-689
344,0,1,211,-133
173,3,0,179,6
242,2,0,268,26
441,0,2,675,234
947,0,1,800,-147
67,0,5,674,607
570,0,3,974,404
171,2,0,145,-26
261,0,2,514,253
442,0,2,213,-229
366,0,3,766,400
285,2,0,275,-10
381,0,3,787,406
784,0,3,377,-407
106,1,0,29,-77
481,0,2,240,-241
126,0,3,553,427
346,0,4,871,525
685,0,2,397,-288
954,0,6,158,-796
193,0,5,862,669
690,0,4,159,-531
640,3,0,633,-7
797,0,2,957,160
356,0,4,837,481
383,0,2,575,192
962,0,2,756,-206
137,0,3,447,310
466,0,3,63,-403
426,0,2,683,257
878,0,5,157,-721
2,0,5,613,611
991,0,2,836,-155
731,0,2,976,245
908,0,5,279,-629
241,0,3,583,342
542,3,0,539,-3
311,0,4,856,545
775,0,4,257,-518
436,0,3,824,388
638,0,2,842,204
221,0,5,923,702
730,0,3,332,-398
930,0,4,477,-453
229,0,5,911,682
738,0,4,195,-543
927,1,0,871,-56
655,0,3,332,-323
884,0,4,396,-488
994,0,5,350,-644
445,0,2,288,-157
191,0,2,407,216
682,0,1,562,-120
666,0,4,127,-539
157,0,5,869,712
840,0,6,18,-822
725,0,3,405,-320
439,0,1,561,122
672,0,2,425,-247
538,0,1,434,-104
17,0,7,998,981
185,0,4,663,478
77,0,2,317,240
699,0,4,120,-579
720,0,3,358,-362
316,0,2,64,-252
499,0,2,765,266
903,2,0,925,22
682,2,0,670,-12
740,0,2,934,194
119,0,5,758,639
149,1,0,210,61
541,0,2,755,214
389,2,0,350,-39
104,1,0,33,-71
785,0,4,198,-587
885,0,2,690,-195
512,0,3,932,420
125,0,6,925,800
920,0,5,309,-611
10,0,6,776,766
690,0,2,965,275
380,0,2,616,236
609,0,4,18,-591
655,0,2,458,-197
438,0,2,215,-223
824,0,5,75,-749
5,0,2,189,184
723,0,5,88,-635
970,0,1,837,-133
311,0,1,417,106
818,0,4,284,-534
200,0,2,23,-177
394,1,0,333,-61
956,0,7,24,-932
657,0,2,414,-243
150,0,5,889,739
525,0,2,303,-222
365,2,0,346,-19
68,0,6,882,814
25,0,6,912,887
881,0,5,146,-735
726,0,5,20,-706
917,0,3,615,-302
930,0,6,32,-898
156,0,3,562,406
140,0,3,578,438
127,0,1,240,113
447,0,1,566,119
100,0,5,731,631
247,0,1,371,124
162,0,6,980,818
121,0,5,739,618
205,0,5,826,621
951,0,3,523,-428
8,0,4,575,567
701,0,5,92,-609
652,0,4,185,-467
963,0,4,383,-580
967,0,3,534,-433
196,0,4,776,580
734,0,2,893,159
192,0,1,300,108
705,0,3,300,-405
154,0,5,846,692
2,0,4,459,457
124,0,4,696,572
893,0,3,573,-320
130,0,4,666,536
123,0,2,372,249
281,0,3,646,365
43,0,4,622,579
540,0,2,758,218
548,0,3,931,383
116,0,2,385,269
937,0,2,660,-277
969,0,2,788,-181
17,0,2,205,188
410,0,2,189,-221
607,0,3,923,316
940,0,5,280,-660
951,0,4,483,-468
453,0,4,996,543
117,0,6,948,831
511,0,3,211,-300
86,0,1,197,111
969,2,0,943,-26
179,0,3,607,428
614,0,2,409,-205
47,0,2,197,150
759,1,0,672,-87
995,0,1,887,-108
357,0,3,744,387
734,0,3,303,-431
612,0,4,74,-538
322,0,2,102,-220
640,0,2,891,251
164,0,2,335,171
188,1,0,98,-90
731,0,4,280,-451
697,0,1,596,-101
328,0,3,12,-316
305,0,5,997,692
452,2,0,437,-15
196,0,1,71,-125
328,0,3,669,341
579,0,4,78,-501
770,1,0,835,65
107,0,6,949,842
62,0,6,924,862
295,0,4,831,536
92,2,0,125,33
843,0,3,541,-302
835,0,3,445,-390
540,0,3,865,325
646,1,0,594,-52
72,0,2,279,207
808,0,5,113,-695
548,0,2,827,279
966,0,5,338,-628
891,0,6,62,-829
642,2,0,608,-34
959,0,4,404,-555
240,0,3,540,300
408,2,0,456,48
352,0,3,719,367
810,0,1,927,117
760,0,2,602,-158
225,0,6,986,761
597,0,2,337,-260
285,2,0,259,-26
758,0,5,88,-670
646,0,1,776,130
410,0,2,252,-158
567,0,2,299,-268
430,0,2,680,250
757,0,3,381,-376
37,0,6,848,811
171,0,4,679,508
875,1,0,806,-69
774,0,1,902,128
269,0,1,380,111
626,3,0,617,-9
608,0,4,144,-464
361,0,2,199,-162
52,0,6,889,837
277,0,5,923,646
748,0,4,208,-540
165,0,1,307,142
485,0,4,951,466
235,0,2,30,-205
21,0,5,669,648
311,2,0,342,31
998,0,3,567,-431
451,0,1,559,108
524,1,0,605,81
826,0,1,958,132
586,0,3,185,-401
115,2,0,159,44
732,0,1,842,110
900,0,3,466,-434
224,0,4,790,566
595,2,0,624,29
508,2,0,484,-24
759,0,4,277,-482
180,1,0,271,91
108,0,6,914,806
665,0,1,559,-106
314,2,0,342,28
87,0,6,983,896
332,1,0,282,-50
617,0,3,994,377
863,0,4,301,-562
526,0,3,970,444
279,0,2,451,172
699,1,0,604,-95
553,0,1,408,-145
460,0,2,186,-274
670,0,3,325,-345
313,2,0,271,-42
293,3,0,293,0
478,0,2,644,166
41,1,0,111,70
214,2,0,250,36
811,0,2,602,-209
923,0,2,651,-272
59,0,4,635,576
467,0,3,147,-320
584,0,3,211,-373
732,0,2,484,-248
288,0,3,639,351
533,3,0,534,1
558,0,1,448,-110
327,0,5,957,630
426,1,0,508,82
792,0,6,22,-770
954,0,3,537,-417
568,2,0,558,-10
58,0,2,233,175
217,0,3,648,431
661,0,1,765,104
12,0,5,715,703
690,1,0,622,-68
693,0,1,550,-143
957,0,6,165,-792
533,0,2,378,-155
525,0,2,291,-234
144,0,2,422,278
801,2,0,819,18
15,0,3,351,336
311,2,0,275,-36
795,0,4,214,-581
170,2,0,207,37
951,0,5,344,-607
483,3,0,488,5
459,2,0,448,-11
260,3,0,264,4
825,2,0,798,-27
238,2,0,251,13
63,0,3,363,300
16,0,7,935,919
808,2,0,844,36
847,1,0,774,-73
911,0,5,295,-616
102,0,4,585,483
184,0,2,374,190
712,1,0,798,86
377,0,5,999,622
956,0,4,363,-593
472,0,3,855,383
21,0,2,276,255
688,0,5,2,-686
268,0,2,23,-245
967,0,1,862,-105
229,0,3,573,344
954,0,2,674,-280
47,0,5,774,727
212,0,4,765,553
78,1,0,9,-69
157,0,4,754,597
455,0,4,909,454
277,0,2,59,-218
491,1,0,398,-93
889,0,3,537,-352
79,0,6,842,763
37,0,4,514,477
614,0,2,854,240
330,0,4,928,598
756,1,0,676,-80
483,0,2,226,-257
258,0,4,799,541
427,1,0,355,-72
259,0,2,25,-234
188,0,6,979,791
997,1,0,916,-81
134,0,2,414,280
66,0,3,454,388
207,1,0,300,93
934,0,5,273,-661
664,0,2,493,-171
490,2,0,451,-39
762,0,2,537,-225
356,0,3,714,358
828,0,2,588,-240
581,2,0,537,-44
71,0,7,979,908
893,0,2,645,-248
220,0,3,626,406
678,0,1,825,147
352,0,2,144,-208
599,0,2,330,-269
692,2,0,706,14
844,0,5,206,-638
765,0,5,162,-603
409,1,0,467,58
623,0,3,952,329
214,0,5,963,749
954,0,6,171,-783
363,0,3,793,430
501,0,1,366,-135
887,0,6,119,-768
928,0,6,91,-837
605,0,2,433,-172
544,0,2,754,210
696,1,0,645,-51
381,0,2,209,-172
924,0,2,648,-276
831,2,0,806,-25
842,0,2,652,-190
994,0,3,634,-360
213,0,4,725,512
873,0,5,210,-663
866,1,0,815,-51
576,0,1,448,-128
869,0,5,164,-705
169,2,0,154,-15
740,0,5,119,-621
17,0,7,937,920
508,0,2,774,266
133,0,2,330,197
19,0,6,830,811
296,0,5,927,631
132,2,0,95,-37
707,0,5,98,-609
273,0,3,603,330
425,0,3,17,-408
828,0,2,584,-244
427,0,3,94,-333
537,1,0,464,-73
11,0,7,914,903
409,0,3,857,448
358,0,2,90,-268
658,2,0,620,-38
683,0,2,866,183
365,0,4,884,519
112,2,0,82,-30
268,1,0,214,-54
137,0,4,676,539
292,0,2,8,-284
767,0,2,983,216
669,0,2,953,284
431,0,1,305,-126
937,0,6,151,-786
12,0,5,658,646
42,0,3,397,355
519,2,0,486,-33
572,0,2,866,294
533,0,3,124,-409
983,0,6,221,-762
39,0,2,306,267
73,0,5,758,685
202,2,0,179,-23
220,0,4,689,469
296,0,5,967,671
829,0,5,181,-648
153,2,0,167,14
483,1,0,547,64
605,0,3,159,-446
531,1,0,585,54
689,0,4,221,-468
239,2,0,270,31
205,0,2,458,253
680,0,2,520,-160
660,2,0,617,-43
310,0,1,162,-148
255,0,2,66,-189
197,0,1,93,-104
623,0,2,400,-223
528,0,2,236,-292
388,0,4,920,532
330,0,2,543,213
965,0,2,697,-268
96,0,4,598,502
237,0,2,12,-225
204,0,1,67,-137
410,0,2,601,191
826,0,4,258,-568
145,0,2,419,274
233,0,1,123,-110
268,0,5,895,627
78,0,5,780,702
161,0,5,830,669
675,2,0,719,44
331,0,2,142,-189
244,0,3,660,416
386,0,3,746,360
647,0,3,971,324
324,0,2,107,-217
476,0,3,903,427
872,0,4,291,-581
339,0,4,862,523
962,0,3,646,-316
753,0,1,874,121
951,0,5,326,-625
708,0,4,134,-574
367,0,1,240,-127
601,0,4,95,-506
164,0,5,869,705
355,0,4,807,452
776,2,0,817,41
998,0,4,414,-584
551,0,3,157,-394
475,2,0,509,34
625,2,0,610,-15
648,2,0,602,-46
359,0,3,12,-347
794,0,3,347,-447
433,0,2,584,151
329,0,2,134,-195
590,0,3,188,-402
253,0,2,477,224
183,0,5,848,665
541,0,2,264,-277
542,2,0,510,-32
868,0,1,990,122
513,1,0,441,-72
602,0,3,995,393
193,1,0,98,-95
210,0,5,847,637
439,2,0,451,12
83,0,5,775,692
982,0,5,366,-616
934,1,0,880,-54
185,0,3,580,395
161,0,5,813,652
420,0,2,606,186
537,0,3,877,340
579,0,2,364,-215
217,0,1,109,-108
6,0,2,301,295
861,0,6,101,-760
164,3,0,173,9
783,0,3,436,-347
118,0,4,612,494
894,0,5,162,-732
246,0,5,888,642
537,2,0,574,37
662,0,4,127,-535
763,0,3,432,-331
330,1,0,406,76
314,0,5,984,670
240,0,4,722,482
583,0,3,984,401
636,0,2,418,-218
687,0,4,199,-488
585,0,2,336,-249
359,0,3,740,381
655,0,2,478,-177
922,0,3,490,-432
999,0,5,390,-609
351,1,0,258,-93
106,0,0,6,-100
984,0,7,24,-960
936,2,0,915,-21
747,0,3,366,-381
480,0,2,729,249
680,0,2,864,184
49,0,4,631,582
994,0,6,150,-844
71,0,3,417,346
920,0,6,25,-895
71,0,3,428,357
937,0,5,251,-686
189,1,0,266,77
889,0,3,555,-334
104,0,3,442,338
264,0,1,401,137
943,0,6,176,-767
771,0,1,879,108
851,2,0,828,-23
99,0,6,949,850
857,0,3,443,-414
366,2,0,351,-15
847,0,4,279,-568
873,0,5,159,-714
382,0,4,903,521
193,0,1,50,-143
517,0,2,677,160
994,0,3,573,-421
540,0,3,947,407
960,2,0,935,-25
77,0,6,858,781
284,0,2,49,-235
943,0,2,672,-271
415,1,0,334,-81
359,1,0,271,-88
682,0,2,462,-220
328,0,3,717,389
894,0,5,179,-715
726,0,4,162,-564
754,2,0,726,-28
324,1,0,261,-63
